day,logged,location,model name,supply scenario,demand scenario,avg daily demand,inventory size,test days,init days,epsilon start,epsilon decay,epsilon min,epsilon current,learning rate,gamma,batch size,num units requested,num supplied products,num supplied O-,num supplied O+,num supplied B-,num supplied B+,num supplied A-,num supplied A+,num supplied AB-,num supplied AB+,num requests O-,num requests O+,num requests B-,num requests B+,num requests A-,num requests A+,num requests AB-,num requests AB+,num O- in inventory,num O+ in inventory,num B- in inventory,num B+ in inventory,num A- in inventory,num A+ in inventory,num AB- in inventory,num AB+ in inventory,reward,day loss,issued but nonexistent,issued but discarded,num outdates,num shortages,num mismatches A,num mismatches B,num mismatches D
0,True,reg_10,request_scratch,cau100_afr0_asi0_10,regional_10,50,150,912,70,0,1,0.01,0.5545,0.001,0.98,50,34,150,27,48,6,1,16,49,1,2,5,7,0,8,2,12,0,0,27,48,6,1,16,49,1,2,-833,0.0,16,3,0,19,0,0,0
1,True,reg_10,request_scratch,cau100_afr0_asi0_10,regional_10,50,150,912,70,0,1,0.01,0.5545,0.001,0.98,50,73,0,0,0,0,0,0,0,0,0,7,28,2,8,0,24,0,4,27,42,3,0,15,45,0,0,-2561,0.0,51,1,0,52,0,0,0
2,True,reg_10,request_scratch,cau100_afr0_asi0_10,regional_10,50,150,912,70,0,1,0.01,0.5545,0.001,0.98,50,149,40,5,19,0,2,1,12,1,0,18,49,0,14,14,46,0,8,27,54,0,2,11,55,1,0,-5200,0.0,104,0,0,104,0,0,0
3,True,reg_10,request_scratch,cau100_afr0_asi0_10,regional_10,50,150,912,70,0,1,0.01,0.5545,0.001,0.98,50,71,9,3,2,0,1,0,3,0,0,6,22,4,6,5,27,0,1,15,44,0,1,0,54,0,0,-2900,0.0,58,0,0,58,0,0,0
4,True,reg_10,request_scratch,cau100_afr0_asi0_10,regional_10,50,150,912,70,0,1,0.01,0.5545,0.001,0.98,50,24,41,5,16,1,3,5,11,0,0,0,10,0,3,0,11,0,0,16,55,1,3,5,62,0,0,-2005,0.0,14,1,1294,15,0,0,0
5,True,reg_10,request_scratch,cau100_afr0_asi0_10,regional_10,50,150,912,70,0,1,0.01,0.5545,0.001,0.98,50,13,34,8,14,0,1,0,11,0,0,0,2,0,5,0,6,0,0,21,51,0,1,4,37,0,0,-400,0.0,8,0,0,8,0,0,0
6,True,reg_10,request_scratch,cau100_afr0_asi0_10,regional_10,50,150,912,70,0,1,0.01,0.5545,0.001,0.98,50,28,8,1,2,0,2,0,3,0,0,1,16,1,2,5,3,0,0,22,51,0,2,3,39,0,0,-1635,0.0,16,1,824,17,0,0,0
7,True,reg_10,request_scratch,cau100_afr0_asi0_10,regional_10,50,150,912,70,0,1,0.01,0.5545,0.001,0.98,50,63,65,10,29,0,2,2,22,0,0,4,27,0,8,6,18,0,0,27,63,0,2,2,50,0,0,-2629,0.0,48,0,229,48,0,0,0
8,True,reg_10,request_scratch,cau100_afr0_asi0_10,regional_10,50,150,912,70,0,1,0.01,0.5545,0.001,0.98,50,60,0,0,0,0,0,0,0,0,0,2,16,1,3,4,33,0,1,23,60,0,0,0,46,0,0,-3926,0.0,49,1,1465,50,0,0,0
9,True,reg_10,request_scratch,cau100_afr0_asi0_10,regional_10,50,150,912,70,0,1,0.01,0.5545,0.001,0.98,50,86,52,13,14,2,2,5,16,0,0,11,39,0,2,7,22,2,3,30,59,2,2,5,52,0,0,-5041,0.0,60,3,2008,63,0,0,0
10,True,reg_10,request_scratch,cau100_afr0_asi0_10,regional_10,50,150,912,70,0,1,0.01,0.5545,0.001,0.98,50,76,0,0,0,0,0,0,0,0,0,0,38,2,2,11,23,0,0,24,45,0,0,0,41,0,0,-3038,0.0,58,3,105,61,0,0,0
11,True,reg_10,request_scratch,cau100_afr0_asi0_10,regional_10,50,150,912,70,0,1,0.01,0.5545,0.001,0.98,50,74,58,7,22,0,3,4,20,2,0,3,27,0,5,10,25,2,2,25,60,0,3,4,56,2,0,-5541,0.0,50,2,3019,52,0,0,0
12,True,reg_10,request_scratch,cau100_afr0_asi0_10,regional_10,50,150,912,70,0,1,0.01,0.5545,0.001,0.98,50,43,10,3,3,0,1,0,3,0,0,3,16,0,1,0,20,3,0,22,39,0,1,0,39,0,0,-1650,0.0,33,0,0,33,0,0,0
13,True,reg_10,request_scratch,cau100_afr0_asi0_10,regional_10,50,150,912,70,0,1,0.01,0.5545,0.001,0.98,50,18,50,8,17,1,1,2,21,0,0,0,9,0,0,0,9,0,0,27,53,1,1,2,57,0,0,-1102,0.0,11,0,552,11,0,0,0
14,True,reg_10,request_scratch,cau100_afr0_asi0_10,regional_10,50,150,912,70,0,1,0.01,0.5545,0.001,0.98,50,55,0,0,0,0,0,0,0,0,0,3,26,2,5,3,16,0,0,18,42,1,0,0,44,0,0,-2061,0.0,41,1,0,42,0,0,0
15,True,reg_10,request_scratch,cau100_afr0_asi0_10,regional_10,50,150,912,70,0,1,0.01,0.5545,0.001,0.98,50,60,59,6,14,0,6,4,25,0,4,7,29,0,3,0,19,0,2,23,51,0,6,4,62,0,4,-3444,0.0,33,2,1772,35,0,0,0
16,True,reg_10,request_scratch,cau100_afr0_asi0_10,regional_10,50,150,912,70,0,1,0.01,0.5545,0.001,0.98,50,75,5,0,4,1,0,0,0,0,0,5,17,1,6,8,31,3,4,17,38,1,0,0,49,0,0,-3282,0.0,59,2,310,61,0,0,0
17,True,reg_10,request_scratch,cau100_afr0_asi0_10,regional_10,50,150,912,70,0,1,0.01,0.5545,0.001,0.98,50,86,58,7,22,0,1,5,21,1,1,9,21,1,8,7,34,2,4,17,57,0,1,5,64,1,1,-5962,0.0,63,0,2812,63,0,0,0
18,True,reg_10,request_scratch,cau100_afr0_asi0_10,regional_10,50,150,912,70,0,1,0.01,0.5545,0.001,0.98,50,79,4,0,4,0,0,0,0,0,0,0,25,0,8,5,38,0,3,10,44,0,0,0,46,0,0,-2961,0.0,59,1,0,60,0,0,0
19,True,reg_10,request_scratch,cau100_afr0_asi0_10,regional_10,50,150,912,70,0,1,0.01,0.5545,0.001,0.98,50,52,66,11,26,0,8,5,14,2,0,6,19,2,0,3,20,0,2,12,65,0,8,5,54,2,0,-2887,0.0,33,2,1215,35,0,0,0
20,True,reg_10,request_scratch,cau100_afr0_asi0_10,regional_10,50,150,912,70,0,1,0.01,0.5545,0.001,0.98,50,35,0,0,0,0,0,0,0,0,0,0,15,2,6,4,6,0,2,11,56,0,0,4,35,0,0,-1267,0.0,23,0,117,23,0,0,0
21,True,reg_10,request_scratch,cau100_afr0_asi0_10,regional_10,50,150,912,70,0,1,0.01,0.5545,0.001,0.98,50,72,59,10,17,1,4,6,19,1,1,10,23,0,6,3,25,0,5,17,69,1,4,7,50,1,1,-4410,0.0,39,0,2460,39,0,0,0
22,True,reg_10,request_scratch,cau100_afr0_asi0_10,regional_10,50,150,912,70,0,1,0.01,0.5545,0.001,0.98,50,65,20,1,5,0,1,4,9,0,0,2,28,2,4,10,16,3,0,7,52,0,1,5,42,0,0,-2687,0.0,49,2,215,51,0,0,0
23,True,reg_10,request_scratch,cau100_afr0_asi0_10,regional_10,50,150,912,70,0,1,0.01,0.5545,0.001,0.98,50,44,43,10,13,3,2,7,8,0,0,0,19,0,8,2,15,0,0,10,61,3,2,10,47,0,0,-2698,0.0,26,2,1376,28,0,0,0
24,True,reg_10,request_scratch,cau100_afr0_asi0_10,regional_10,50,150,912,70,0,1,0.01,0.5545,0.001,0.98,50,53,26,7,10,1,2,2,4,0,0,3,14,0,4,0,29,1,2,16,45,1,2,9,40,0,0,-2000,0.0,40,0,0,40,0,0,0
25,True,reg_10,request_scratch,cau100_afr0_asi0_10,regional_10,50,150,912,70,0,1,0.01,0.5545,0.001,0.98,50,31,27,6,4,1,1,6,9,0,0,0,11,0,2,0,17,0,1,19,45,1,1,14,47,0,0,-2002,0.0,23,1,841,24,0,0,0
26,True,reg_10,request_scratch,cau100_afr0_asi0_10,regional_10,50,150,912,70,0,1,0.01,0.5545,0.001,0.98,50,35,31,5,17,0,1,2,5,0,1,5,7,1,6,2,14,0,0,23,49,0,1,16,35,0,1,-1410,0.0,21,1,349,22,0,0,0
27,True,reg_10,request_scratch,cau100_afr0_asi0_10,regional_10,50,150,912,70,0,1,0.01,0.5545,0.001,0.98,50,18,15,2,6,2,1,1,3,0,0,0,9,0,5,1,3,0,0,23,50,2,1,14,29,0,1,-769,0.0,7,0,419,7,0,0,0
28,True,reg_10,request_scratch,cau100_afr0_asi0_10,regional_10,50,150,912,70,0,1,0.01,0.5545,0.001,0.98,50,51,51,10,20,1,4,3,11,1,1,1,20,0,2,4,22,0,2,30,57,1,4,12,32,1,1,-2286,0.0,30,0,786,30,0,0,0
29,True,reg_10,request_scratch,cau100_afr0_asi0_10,regional_10,50,150,912,70,0,1,0.01,0.5545,0.001,0.98,50,76,0,0,0,0,0,0,0,0,0,15,22,0,6,6,25,0,2,23,47,0,0,9,28,0,0,-4196,0.0,61,1,1135,62,0,0,0
30,True,reg_10,request_scratch,cau100_afr0_asi0_10,regional_10,50,150,912,70,0,1,0.01,0.5545,0.001,0.98,50,71,68,6,31,0,3,9,17,0,2,7,22,2,3,5,28,0,4,23,73,0,3,13,36,0,2,-3645,0.0,45,1,1384,46,0,0,0
31,True,reg_10,request_scratch,cau100_afr0_asi0_10,regional_10,50,150,912,70,0,1,0.01,0.5545,0.001,0.98,50,58,0,0,0,0,0,0,0,0,0,1,17,1,3,3,29,0,4,15,57,0,0,7,31,0,0,-2707,0.0,47,1,346,48,0,0,0
32,True,reg_10,request_scratch,cau100_afr0_asi0_10,regional_10,50,150,912,70,0,1,0.01,0.5545,0.001,0.98,50,27,56,10,23,1,1,5,15,0,1,0,6,1,2,3,15,0,0,23,74,1,1,9,41,0,1,-1826,0.0,18,3,893,21,0,0,0
33,True,reg_10,request_scratch,cau100_afr0_asi0_10,regional_10,50,150,912,70,0,1,0.01,0.5545,0.001,0.98,50,22,0,0,0,0,0,0,0,0,0,0,9,0,3,1,9,0,0,16,54,0,0,8,32,0,0,-800,0.0,16,0,0,16,0,0,0
34,True,reg_10,request_scratch,cau100_afr0_asi0_10,regional_10,50,150,912,70,0,1,0.01,0.5545,0.001,0.98,50,35,46,8,15,1,0,4,18,0,0,2,8,0,2,1,19,0,3,22,69,1,0,9,49,0,0,-3041,0.0,26,0,1741,26,0,0,0
35,True,reg_10,request_scratch,cau100_afr0_asi0_10,regional_10,50,150,912,70,0,1,0.01,0.5545,0.001,0.98,50,60,14,4,4,0,0,2,4,0,0,11,28,0,1,1,18,0,1,22,42,0,0,5,37,0,0,-2200,0.0,44,0,0,44,0,0,0
36,True,reg_10,request_scratch,cau100_afr0_asi0_10,regional_10,50,150,912,70,0,1,0.01,0.5545,0.001,0.98,50,39,46,6,17,1,1,3,17,0,1,5,16,2,1,2,13,0,0,20,52,1,1,7,54,0,1,-2294,0.0,23,0,1144,23,0,0,0
37,True,reg_10,request_scratch,cau100_afr0_asi0_10,regional_10,50,150,912,70,0,1,0.01,0.5545,0.001,0.98,50,47,13,4,1,0,2,0,6,0,0,1,12,0,10,0,22,0,2,22,37,0,2,2,45,0,0,-1600,0.0,32,0,0,32,0,0,0
38,True,reg_10,request_scratch,cau100_afr0_asi0_10,regional_10,50,150,912,70,0,1,0.01,0.5545,0.001,0.98,50,66,46,9,25,1,1,3,7,0,0,5,30,4,4,1,17,0,5,29,59,1,1,3,46,0,0,-3998,0.0,49,2,1526,51,0,0,0
39,True,reg_10,request_scratch,cau100_afr0_asi0_10,regional_10,50,150,912,70,0,1,0.01,0.5545,0.001,0.98,50,33,5,0,2,0,0,1,1,0,1,0,18,0,2,5,8,0,0,23,49,0,0,1,35,0,1,-1252,0.0,21,2,180,23,0,0,0
40,True,reg_10,request_scratch,cau100_afr0_asi0_10,regional_10,50,150,912,70,0,1,0.01,0.5545,0.001,0.98,50,38,52,7,19,2,5,4,15,0,0,5,9,0,11,1,11,1,0,26,64,2,5,4,46,0,0,-2620,0.0,24,0,1420,24,0,0,0
41,True,reg_10,request_scratch,cau100_afr0_asi0_10,regional_10,50,150,912,70,0,1,0.01,0.5545,0.001,0.98,50,34,7,2,2,0,0,1,2,0,0,0,13,0,5,0,16,0,0,22,49,0,0,4,31,0,0,-1327,0.0,22,0,227,22,0,0,0
42,True,reg_10,request_scratch,cau100_afr0_asi0_10,regional_10,50,150,912,70,0,1,0.01,0.5545,0.001,0.98,50,56,54,11,17,1,3,3,19,0,0,4,26,0,3,2,21,0,0,29,61,1,3,5,44,0,0,-3752,0.0,38,0,1852,38,0,0,0
43,True,reg_10,request_scratch,cau100_afr0_asi0_10,regional_10,50,150,912,70,0,1,0.01,0.5545,0.001,0.98,50,68,6,0,4,0,0,0,2,0,0,6,23,1,7,2,26,0,3,20,44,0,0,0,39,0,0,-3004,0.0,58,1,93,59,0,0,0
44,True,reg_10,request_scratch,cau100_afr0_asi0_10,regional_10,50,150,912,70,0,1,0.01,0.5545,0.001,0.98,50,69,51,13,14,1,0,6,16,0,1,2,16,3,6,12,28,2,0,29,56,1,0,6,51,0,1,-4413,0.0,50,3,1880,53,0,0,0
45,True,reg_10,request_scratch,cau100_afr0_asi0_10,regional_10,50,150,912,70,0,1,0.01,0.5545,0.001,0.98,50,91,0,0,0,0,0,0,0,0,0,8,27,0,9,7,37,0,3,24,37,0,0,4,39,0,0,-4019,0.0,78,0,119,78,0,0,0
46,True,reg_10,request_scratch,cau100_afr0_asi0_10,regional_10,50,150,912,70,0,1,0.01,0.5545,0.001,0.98,50,74,59,11,21,0,4,8,13,0,2,1,29,4,0,15,24,0,1,31,55,0,4,10,48,0,2,-4686,0.0,46,5,2331,51,0,0,0
47,True,reg_10,request_scratch,cau100_afr0_asi0_10,regional_10,50,150,912,70,0,1,0.01,0.5545,0.001,0.98,50,21,1,0,1,0,0,0,0,0,0,0,8,0,4,2,7,0,0,24,40,0,0,5,31,0,0,-873,0.0,15,1,112,16,0,0,0
48,True,reg_10,request_scratch,cau100_afr0_asi0_10,regional_10,50,150,912,70,0,1,0.01,0.5545,0.001,0.98,50,14,58,11,20,0,3,5,18,0,1,3,5,0,2,0,4,0,0,34,56,0,3,8,47,0,1,-864,0.0,6,0,564,6,0,0,0
49,True,reg_10,request_scratch,cau100_afr0_asi0_10,regional_10,50,150,912,70,0,1,0.01,0.5545,0.001,0.98,50,49,0,0,0,0,0,0,0,0,0,0,20,0,3,1,14,0,11,22,42,0,0,6,31,0,0,-1800,0.0,36,0,0,36,0,0,0
50,True,reg_10,request_scratch,cau100_afr0_asi0_10,regional_10,50,150,912,70,0,1,0.01,0.5545,0.001,0.98,50,70,62,9,23,1,3,2,19,0,5,10,24,4,8,4,19,0,1,27,63,1,3,6,45,0,5,-4075,0.0,42,3,1942,45,0,0,0
51,True,reg_10,request_scratch,cau100_afr0_asi0_10,regional_10,50,150,912,70,0,1,0.01,0.5545,0.001,0.98,50,100,0,0,0,0,0,0,0,0,0,9,39,0,7,6,39,0,0,20,44,0,0,0,37,0,1,-4097,0.0,81,1,36,82,0,0,0
52,True,reg_10,request_scratch,cau100_afr0_asi0_10,regional_10,50,150,912,70,0,1,0.01,0.5545,0.001,0.98,50,110,67,14,24,1,6,2,16,1,3,8,42,0,6,13,40,0,1,25,62,1,6,2,50,1,3,-6517,0.0,76,3,2684,79,0,0,0
53,True,reg_10,request_scratch,cau100_afr0_asi0_10,regional_10,50,150,912,70,0,1,0.01,0.5545,0.001,0.98,50,70,0,0,0,0,0,0,0,0,0,11,23,2,10,4,14,0,6,19,47,0,0,0,35,0,0,-2700,0.0,54,0,0,54,0,0,0
54,True,reg_10,request_scratch,cau100_afr0_asi0_10,regional_10,50,150,912,70,0,1,0.01,0.5545,0.001,0.98,50,47,65,11,26,0,2,3,22,0,1,2,15,1,8,7,13,0,1,21,69,0,2,3,54,0,1,-3042,0.0,31,1,1481,32,0,0,0
55,True,reg_10,request_scratch,cau100_afr0_asi0_10,regional_10,50,150,912,70,0,1,0.01,0.5545,0.001,0.98,50,23,0,0,0,0,0,0,0,0,0,3,5,0,6,2,5,0,2,18,50,0,0,1,38,0,0,-950,0.0,19,0,0,19,0,0,0
56,True,reg_10,request_scratch,cau100_afr0_asi0_10,regional_10,50,150,912,70,0,1,0.01,0.5545,0.001,0.98,50,55,47,9,16,0,3,2,17,0,0,5,17,2,0,5,24,0,2,26,64,0,3,2,55,0,0,-4062,0.0,38,1,2151,39,0,0,0
57,True,reg_10,request_scratch,cau100_afr0_asi0_10,regional_10,50,150,912,70,0,1,0.01,0.5545,0.001,0.98,50,108,7,1,2,0,0,1,3,0,0,4,45,0,6,8,38,0,7,21,44,0,0,1,42,0,0,-3922,0.0,78,2,0,80,0,0,0
58,True,reg_10,request_scratch,cau100_afr0_asi0_10,regional_10,50,150,912,70,0,1,0.01,0.5545,0.001,0.98,50,70,66,9,22,2,5,3,24,0,1,5,25,0,6,12,18,0,4,22,53,2,5,3,58,0,1,-3621,0.0,43,0,1471,43,0,0,0
59,True,reg_10,request_scratch,cau100_afr0_asi0_10,regional_10,50,150,912,70,0,1,0.01,0.5545,0.001,0.98,50,87,0,0,0,0,0,0,0,0,0,14,18,4,8,8,29,0,6,16,40,0,0,0,44,0,0,-3750,0.0,75,0,0,75,0,0,0
60,True,reg_10,request_scratch,cau100_afr0_asi0_10,regional_10,50,150,912,70,0,1,0.01,0.5545,0.001,0.98,50,58,62,9,21,0,5,2,23,0,2,1,24,0,5,8,17,0,3,21,57,0,5,2,63,0,2,-2835,0.0,33,4,1141,37,0,0,0
61,True,reg_10,request_scratch,cau100_afr0_asi0_10,regional_10,50,150,912,70,0,1,0.01,0.5545,0.001,0.98,50,49,0,0,0,0,0,0,0,0,0,0,22,0,1,2,22,0,2,16,45,0,0,0,50,0,0,-2019,0.0,39,0,69,39,0,0,0
62,True,reg_10,request_scratch,cau100_afr0_asi0_10,regional_10,50,150,912,70,0,1,0.01,0.5545,0.001,0.98,50,26,49,5,22,0,6,2,14,0,0,3,7,1,0,2,11,0,2,20,62,0,6,2,60,0,0,-1945,0.0,15,1,1184,16,0,0,0
63,True,reg_10,request_scratch,cau100_afr0_asi0_10,regional_10,50,150,912,70,0,1,0.01,0.5545,0.001,0.98,50,30,13,1,4,1,1,2,4,0,0,4,11,0,7,0,8,0,0,15,47,1,1,3,41,0,0,-950,0.0,19,0,0,19,0,0,0
64,True,reg_10,request_scratch,cau100_afr0_asi0_10,regional_10,50,150,912,70,0,1,0.01,0.5545,0.001,0.98,50,67,42,5,13,0,4,1,18,0,1,5,34,0,4,3,19,0,2,17,59,1,4,2,55,0,1,-4885,0.0,46,2,2563,48,0,0,0
65,True,reg_10,request_scratch,cau100_afr0_asi0_10,regional_10,50,150,912,70,0,1,0.01,0.5545,0.001,0.98,50,59,28,3,10,2,3,1,9,0,0,4,20,0,15,5,14,0,1,14,49,2,3,1,45,0,0,-2033,0.0,40,3,0,43,0,0,0
66,True,reg_10,request_scratch,cau100_afr0_asi0_10,regional_10,50,150,912,70,0,1,0.01,0.5545,0.001,0.98,50,48,33,6,16,0,1,0,8,0,2,2,22,2,2,0,19,0,1,17,60,0,1,0,48,0,2,-2724,0.0,32,1,1113,33,0,0,0
67,True,reg_10,request_scratch,cau100_afr0_asi0_10,regional_10,50,150,912,70,0,1,0.01,0.5545,0.001,0.98,50,21,26,3,8,1,1,1,12,0,0,2,7,0,0,2,10,0,0,15,51,1,1,1,51,0,0,-952,0.0,16,0,152,16,0,0,0
68,True,reg_10,request_scratch,cau100_afr0_asi0_10,regional_10,50,150,912,70,0,1,0.01,0.5545,0.001,0.98,50,12,18,3,5,0,1,2,7,0,0,1,4,0,0,0,7,0,0,18,52,0,1,2,54,0,0,-736,0.0,7,0,386,7,0,0,0
69,True,reg_10,request_scratch,cau100_afr0_asi0_10,regional_10,50,150,912,70,0,1,0.01,0.5545,0.001,0.98,50,50,43,3,22,1,2,4,9,1,1,12,19,0,3,6,8,0,2,18,61,1,2,5,45,1,1,-2625,0.0,33,2,953,35,0,0,0
70,True,reg_10,request_scratch,cau100_afr0_asi0_10,regional_10,50,150,912,70,0,1,0.01,0.5545,0.001,0.98,50,61,14,3,3,0,1,1,6,0,0,4,30,0,5,5,15,0,2,18,54,0,1,1,42,0,0,-3977,501.50445556640625,49,1,1516,50,0,0,0
71,True,reg_10,request_scratch,cau100_afr0_asi0_10,regional_10,50,150,912,70,0,1,0.01,0.5545,0.001,0.98,50,97,54,4,21,1,1,5,18,2,2,0,45,0,14,8,30,0,0,16,59,1,1,5,52,2,2,-5059,527.2778930664062,68,1,1648,69,0,0,0
72,True,reg_10,request_scratch,cau100_afr0_asi0_10,regional_10,50,150,912,70,0,1,0.01,0.5545,0.001,0.98,50,45,8,0,4,0,0,0,4,0,0,4,11,2,2,8,13,0,5,8,55,0,0,0,44,0,0,-2337,497.0596008300781,38,2,415,40,0,0,0
73,True,reg_10,request_scratch,cau100_afr0_asi0_10,regional_10,50,150,912,70,0,1,0.01,0.5545,0.001,0.98,50,64,50,2,22,1,3,2,18,0,2,5,32,0,5,6,16,0,0,7,72,1,3,2,55,0,2,-3583,502.12799072265625,41,1,1522,42,0,0,0
74,True,reg_10,request_scratch,cau100_afr0_asi0_10,regional_10,50,150,912,70,0,1,0.01,0.5545,0.001,0.98,50,41,6,1,2,0,0,0,3,0,0,4,11,2,4,6,14,0,0,5,52,0,0,1,49,0,0,-2177,473.4981384277344,37,1,316,38,0,0,0
75,True,reg_10,request_scratch,cau100_afr0_asi0_10,regional_10,50,150,912,70,0,1,0.01,0.5545,0.001,0.98,50,44,48,11,12,1,4,5,11,2,2,1,21,0,2,5,12,0,3,14,61,1,4,6,54,2,2,-2510,425.7165222167969,19,3,1527,22,0,0,0
76,True,reg_10,request_scratch,cau100_afr0_asi0_10,regional_10,50,150,912,70,0,1,0.01,0.5545,0.001,0.98,50,38,25,5,7,0,3,1,8,0,1,5,15,0,4,3,10,0,1,18,47,0,3,2,44,0,1,-1334,557.9284057617188,23,0,184,23,0,0,0
77,True,reg_10,request_scratch,cau100_afr0_asi0_10,regional_10,50,150,912,70,0,1,0.01,0.5545,0.001,0.98,50,28,32,1,13,0,2,2,14,0,0,0,17,0,0,1,8,0,2,16,56,0,2,2,54,0,0,-1991,580.8583374023438,18,0,1091,18,0,0,0
78,True,reg_10,request_scratch,cau100_afr0_asi0_10,regional_10,50,150,912,70,0,1,0.01,0.5545,0.001,0.98,50,36,38,7,20,1,1,2,6,0,1,0,17,2,0,4,13,0,0,21,54,1,1,2,42,0,1,-1100,502.1236877441406,21,2,28,23,0,0,0
79,True,reg_10,request_scratch,cau100_afr0_asi0_10,regional_10,50,150,912,70,0,1,0.01,0.5545,0.001,0.98,50,64,10,3,4,0,0,2,1,0,0,5,18,0,2,4,33,0,2,21,55,0,0,2,39,0,0,-4005,399.4967346191406,53,2,1333,55,0,0,0
80,True,reg_10,request_scratch,cau100_afr0_asi0_10,regional_10,50,150,912,70,0,1,0.01,0.5545,0.001,0.98,50,87,53,5,24,4,3,5,12,0,0,2,38,1,5,3,35,2,1,21,68,4,3,5,41,0,0,-4006,585.8298950195312,58,3,1073,61,0,0,0
81,True,reg_10,request_scratch,cau100_afr0_asi0_10,regional_10,50,150,912,70,0,1,0.01,0.5545,0.001,0.98,50,70,0,0,0,0,0,0,0,0,0,2,34,0,5,5,19,0,5,16,61,0,0,0,33,0,0,-4197,395.2721252441406,54,2,1475,56,0,0,0
82,True,reg_10,request_scratch,cau100_afr0_asi0_10,regional_10,50,150,912,70,0,1,0.01,0.5545,0.001,0.98,50,13,71,8,31,3,6,4,18,0,1,0,10,0,0,1,2,0,0,20,79,3,6,4,37,0,1,-365,432.94525146484375,0,1,354,1,0,0,0
83,True,reg_10,request_scratch,cau100_afr0_asi0_10,regional_10,50,150,912,70,0,1,0.01,0.5545,0.001,0.98,50,27,0,0,0,0,0,0,0,0,0,0,4,4,4,4,9,0,2,16,59,3,0,4,31,0,1,-1163,400.0241394042969,20,1,152,21,0,0,0
84,True,reg_10,request_scratch,cau100_afr0_asi0_10,regional_10,50,150,912,70,0,1,0.01,0.5545,0.001,0.98,50,47,48,8,23,0,1,4,11,0,1,6,10,0,3,2,22,0,4,21,78,1,1,7,41,0,1,-3012,604.84619140625,27,0,1662,27,0,0,0
85,True,reg_10,request_scratch,cau100_afr0_asi0_10,regional_10,50,150,912,70,0,1,0.01,0.5545,0.001,0.98,50,71,9,1,1,1,2,0,4,0,0,1,28,1,4,2,32,0,3,17,55,1,2,0,33,0,0,-2450,479.5412902832031,49,0,0,49,0,0,0
86,True,reg_10,request_scratch,cau100_afr0_asi0_10,regional_10,50,150,912,70,0,1,0.01,0.5545,0.001,0.98,50,50,58,13,20,1,2,3,17,0,2,9,14,2,5,4,14,1,1,27,65,1,2,3,44,0,2,-3540,578.6237182617188,35,3,1757,38,0,0,0
87,True,reg_10,request_scratch,cau100_afr0_asi0_10,regional_10,50,150,912,70,0,1,0.01,0.5545,0.001,0.98,50,57,2,0,1,0,0,0,1,0,0,1,25,0,4,5,22,0,0,22,45,0,0,0,33,0,0,-2472,511.5665588378906,49,2,0,51,0,0,0
88,True,reg_10,request_scratch,cau100_afr0_asi0_10,regional_10,50,150,912,70,0,1,0.01,0.5545,0.001,0.98,50,64,56,7,17,0,5,7,19,1,0,2,13,1,10,3,29,2,4,27,58,0,5,7,50,1,0,-3253,462.5657653808594,35,1,1492,36,0,0,0
89,True,reg_10,request_scratch,cau100_afr0_asi0_10,regional_10,50,150,912,70,0,1,0.01,0.5545,0.001,0.98,50,33,2,0,2,0,0,0,0,0,0,4,17,0,0,2,8,0,2,21,41,0,0,2,41,0,0,-1440,532.2875366210938,26,0,140,26,0,0,0
90,True,reg_10,request_scratch,cau100_afr0_asi0_10,regional_10,50,150,912,70,0,1,0.01,0.5545,0.001,0.98,50,29,53,12,20,0,1,2,15,0,3,2,6,0,5,2,12,2,0,31,58,0,1,3,52,0,3,-2406,418.6824035644531,21,0,1356,21,0,0,0
91,True,reg_10,request_scratch,cau100_afr0_asi0_10,regional_10,50,150,912,70,0,1,0.01,0.5545,0.001,0.98,50,46,9,4,1,0,2,0,2,0,0,2,13,0,7,2,16,0,6,23,41,0,2,0,37,0,0,-1776,385.97998046875,35,0,26,35,0,0,0
92,True,reg_10,request_scratch,cau100_afr0_asi0_10,regional_10,50,150,912,70,0,1,0.01,0.5545,0.001,0.98,50,64,51,10,22,2,4,3,10,0,0,3,35,0,6,4,15,0,1,30,58,2,4,3,46,0,0,-4322,378.3731994628906,45,1,2061,46,0,0,0
93,True,reg_10,request_scratch,cau100_afr0_asi0_10,regional_10,50,150,912,70,0,1,0.01,0.5545,0.001,0.98,50,65,10,2,4,0,0,0,4,0,0,2,22,0,0,8,29,1,3,28,49,0,0,0,31,0,0,-2709,516.1492919921875,53,0,59,53,0,0,0
94,True,reg_10,request_scratch,cau100_afr0_asi0_10,regional_10,50,150,912,70,0,1,0.01,0.5545,0.001,0.98,50,50,44,8,21,2,2,2,9,0,0,1,20,0,0,7,16,0,6,30,68,2,2,2,36,0,0,-3639,358.5241394042969,39,1,1678,40,0,0,0
95,True,reg_10,request_scratch,cau100_afr0_asi0_10,regional_10,50,150,912,70,0,1,0.01,0.5545,0.001,0.98,50,42,13,3,4,0,0,2,4,0,0,1,15,0,2,6,15,2,1,27,52,0,0,3,29,0,0,-1571,404.7593688964844,29,0,121,29,0,0,0
96,True,reg_10,request_scratch,cau100_afr0_asi0_10,regional_10,50,150,912,70,0,1,0.01,0.5545,0.001,0.98,50,23,42,11,11,0,0,2,17,0,1,3,6,2,2,2,5,0,3,34,60,0,0,2,42,0,1,-1530,629.264892578125,14,2,808,16,0,0,0
97,True,reg_10,request_scratch,cau100_afr0_asi0_10,regional_10,50,150,912,70,0,1,0.01,0.5545,0.001,0.98,50,26,11,1,5,0,0,3,2,0,0,0,8,0,2,2,14,0,0,25,45,0,0,4,36,0,0,-1228,551.0776977539062,20,0,228,20,0,0,0
98,True,reg_10,request_scratch,cau100_afr0_asi0_10,regional_10,50,150,912,70,0,1,0.01,0.5545,0.001,0.98,50,40,46,7,21,0,2,5,11,0,0,2,13,0,0,6,17,0,2,30,62,0,2,5,43,0,0,-2704,460.2391052246094,26,1,1393,27,0,0,0
99,True,reg_10,request_scratch,cau100_afr0_asi0_10,regional_10,50,150,912,70,0,1,0.01,0.5545,0.001,0.98,50,74,12,2,4,0,1,1,4,0,0,3,32,0,7,8,24,0,0,24,45,0,1,2,38,0,0,-2740,372.890380859375,50,3,207,53,0,0,0
100,True,reg_10,request_scratch,cau100_afr0_asi0_10,regional_10,50,150,912,70,0,1,0.01,0.5545,0.001,0.98,50,56,54,11,17,0,9,5,11,1,0,3,27,0,6,10,7,0,3,26,57,0,9,5,42,1,0,-3017,442.4624938964844,33,1,1356,34,0,0,0
101,True,reg_10,request_scratch,cau100_afr0_asi0_10,regional_10,50,150,912,70,0,1,0.01,0.5545,0.001,0.98,50,68,15,2,6,0,3,1,2,0,1,4,29,0,6,5,21,0,3,23,53,0,3,1,30,0,1,-2764,514.7424926757812,51,1,203,52,0,0,0
102,True,reg_10,request_scratch,cau100_afr0_asi0_10,regional_10,50,150,912,70,0,1,0.01,0.5545,0.001,0.98,50,57,47,6,18,0,4,4,13,0,2,6,17,0,2,3,21,0,8,25,66,0,4,4,39,0,2,-3399,414.0417785644531,36,1,1588,37,0,0,0
103,True,reg_10,request_scratch,cau100_afr0_asi0_10,regional_10,50,150,912,70,0,1,0.01,0.5545,0.001,0.98,50,28,17,1,7,0,2,0,7,0,0,2,17,0,1,2,6,0,0,22,52,0,2,0,37,0,0,-1143,459.4594421386719,19,0,193,19,0,0,0
104,True,reg_10,request_scratch,cau100_afr0_asi0_10,regional_10,50,150,912,70,0,1,0.01,0.5545,0.001,0.98,50,18,34,7,13,1,1,4,6,1,1,0,8,0,2,1,7,0,0,27,61,1,1,4,39,1,1,-1073,416.9195861816406,8,1,662,9,0,0,0
105,True,reg_10,request_scratch,cau100_afr0_asi0_10,regional_10,50,150,912,70,0,1,0.01,0.5545,0.001,0.98,50,38,30,8,6,0,2,2,12,0,0,3,14,0,4,1,15,0,1,24,50,0,2,4,40,1,0,-1631,519.2427368164062,27,1,270,28,0,0,0
106,True,reg_10,request_scratch,cau100_afr0_asi0_10,regional_10,50,150,912,70,0,1,0.01,0.5545,0.001,0.98,50,58,19,1,8,0,0,2,8,0,0,5,23,0,1,5,21,0,3,23,52,0,0,3,45,0,0,-3634,442.78912353515625,40,1,1623,41,0,0,0
107,True,reg_10,request_scratch,cau100_afr0_asi0_10,regional_10,50,150,912,70,0,1,0.01,0.5545,0.001,0.98,50,65,49,3,25,0,5,5,10,0,1,2,31,2,6,6,17,0,1,20,59,0,5,5,43,0,1,-3037,443.42376708984375,49,0,587,49,0,0,0
108,True,reg_10,request_scratch,cau100_afr0_asi0_10,regional_10,50,150,912,70,0,1,0.01,0.5545,0.001,0.98,50,98,0,0,0,0,0,0,0,0,0,13,29,0,7,8,28,0,13,19,52,0,0,4,36,0,0,-5794,436.7264709472656,79,0,1844,79,0,0,0
109,True,reg_10,request_scratch,cau100_afr0_asi0_10,regional_10,50,150,912,70,0,1,0.01,0.5545,0.001,0.98,50,61,69,9,34,1,4,5,15,0,1,0,25,0,6,1,27,2,0,21,73,1,4,5,45,0,1,-2904,439.39935302734375,35,0,1154,35,0,0,0
110,True,reg_10,request_scratch,cau100_afr0_asi0_10,regional_10,50,150,912,70,0,1,0.01,0.5545,0.001,0.98,50,46,0,0,0,0,0,0,0,0,0,5,16,0,3,0,20,0,2,13,65,0,0,1,33,0,0,-2184,441.8148193359375,34,0,484,34,0,0,0
111,True,reg_10,request_scratch,cau100_afr0_asi0_10,regional_10,50,150,912,70,0,1,0.01,0.5545,0.001,0.98,50,39,57,9,26,1,0,3,17,0,1,2,18,1,0,1,13,0,4,18,85,1,0,3,42,0,1,-2391,525.2315673828125,24,1,1180,25,0,0,0
112,True,reg_10,request_scratch,cau100_afr0_asi0_10,regional_10,50,150,912,70,0,1,0.01,0.5545,0.001,0.98,50,55,0,0,0,0,0,0,0,0,0,4,21,0,6,3,18,0,3,15,60,0,0,2,32,0,0,-2161,575.1835327148438,43,1,0,44,0,0,0
113,True,reg_10,request_scratch,cau100_afr0_asi0_10,regional_10,50,150,912,70,0,1,0.01,0.5545,0.001,0.98,50,83,53,11,19,0,3,3,15,0,2,5,29,1,6,10,32,0,0,24,74,0,3,3,44,0,2,-5893,449.13873291015625,58,2,2971,60,0,0,0
114,True,reg_10,request_scratch,cau100_afr0_asi0_10,regional_10,50,150,912,70,0,1,0.01,0.5545,0.001,0.98,50,87,9,2,5,0,0,0,1,0,1,8,33,0,8,3,29,0,6,21,50,0,0,0,33,0,1,-3500,450.1307067871094,70,0,0,70,0,0,0
115,True,reg_10,request_scratch,cau100_afr0_asi0_10,regional_10,50,150,912,70,0,1,0.01,0.5545,0.001,0.98,50,74,54,7,19,0,2,5,20,0,1,4,32,0,5,5,18,2,8,21,63,0,2,5,50,0,1,-5298,426.4654541015625,59,2,2326,61,0,0,0
116,True,reg_10,request_scratch,cau100_afr0_asi0_10,regional_10,50,150,912,70,0,1,0.01,0.5545,0.001,0.98,50,49,0,0,0,0,0,0,0,0,0,4,7,1,1,10,22,0,4,20,43,0,0,3,36,0,0,-1850,688.2181396484375,37,0,0,37,0,0,0
117,True,reg_10,request_scratch,cau100_afr0_asi0_10,regional_10,50,150,912,70,0,1,0.01,0.5545,0.001,0.98,50,31,60,9,19,0,6,3,22,1,0,2,14,0,3,0,10,0,2,24,61,0,6,3,55,1,0,-1684,494.7033386230469,14,0,984,14,0,0,0
118,True,reg_10,request_scratch,cau100_afr0_asi0_10,regional_10,50,150,912,70,0,1,0.01,0.5545,0.001,0.98,50,39,0,0,0,0,0,0,0,0,0,4,18,2,0,4,11,0,0,18,43,0,0,0,43,0,0,-1672,440.2588195800781,31,0,122,31,0,0,0
119,True,reg_10,request_scratch,cau100_afr0_asi0_10,regional_10,50,150,912,70,0,1,0.01,0.5545,0.001,0.98,50,53,55,14,13,2,2,4,20,0,0,3,22,0,3,0,25,0,0,30,51,2,2,4,61,0,0,-3723,422.4602355957031,33,1,2062,34,0,0,0
120,True,reg_10,request_scratch,cau100_afr0_asi0_10,regional_10,50,150,912,70,0,1,0.01,0.5545,0.001,0.98,50,62,6,1,2,0,1,0,2,0,0,13,19,2,1,6,21,0,0,24,34,0,1,0,44,0,0,-2411,466.4472961425781,48,1,0,49,0,0,0
121,True,reg_10,request_scratch,cau100_afr0_asi0_10,regional_10,50,150,912,70,0,1,0.01,0.5545,0.001,0.98,50,83,56,13,14,2,4,2,21,0,0,2,31,0,4,4,35,0,7,32,45,2,4,2,60,0,0,-5613,322.5299072265625,61,0,2563,61,0,0,0
122,True,reg_10,request_scratch,cau100_afr0_asi0_10,regional_10,50,150,912,70,0,1,0.01,0.5545,0.001,0.98,50,52,3,1,1,0,0,0,1,0,0,3,17,2,1,4,20,5,0,28,30,0,0,0,44,0,0,-2261,521.7859497070312,45,1,0,46,0,0,0
123,True,reg_10,request_scratch,cau100_afr0_asi0_10,regional_10,50,150,912,70,0,1,0.01,0.5545,0.001,0.98,50,45,52,8,20,0,4,6,14,0,0,2,23,0,5,3,10,2,0,31,48,0,4,6,58,0,0,-3275,413.33514404296875,33,0,1625,33,0,0,0
124,True,reg_10,request_scratch,cau100_afr0_asi0_10,regional_10,50,150,912,70,0,1,0.01,0.5545,0.001,0.98,50,34,4,0,3,0,0,0,1,0,0,6,12,2,1,2,11,0,0,23,40,0,0,3,39,0,0,-1397,462.8273010253906,26,1,86,27,0,0,0
125,True,reg_10,request_scratch,cau100_afr0_asi0_10,regional_10,50,150,912,70,0,1,0.01,0.5545,0.001,0.98,50,41,50,10,15,0,2,5,16,0,2,0,14,0,3,4,20,0,0,32,53,0,2,8,49,0,2,-3034,374.14984130859375,28,2,1612,30,0,0,0
126,True,reg_10,request_scratch,cau100_afr0_asi0_10,regional_10,50,150,912,70,0,1,0.01,0.5545,0.001,0.98,50,27,5,0,2,0,0,1,1,1,0,4,11,1,0,1,8,0,2,19,41,0,0,8,33,1,1,-876,406.3417053222656,17,1,15,18,0,0,0
127,True,reg_10,request_scratch,cau100_afr0_asi0_10,regional_10,50,150,912,70,0,1,0.01,0.5545,0.001,0.98,50,58,53,5,22,2,0,3,21,0,0,6,21,0,2,12,14,0,3,21,61,2,0,9,53,0,0,-3723,495.02069091796875,38,3,1790,41,0,0,0
128,True,reg_10,request_scratch,cau100_afr0_asi0_10,regional_10,50,150,912,70,0,1,0.01,0.5545,0.001,0.98,50,50,0,0,0,0,0,0,0,0,0,4,10,1,2,7,24,0,2,15,42,0,0,7,39,0,0,-1918,562.5513305664062,37,0,68,37,0,0,0
129,True,reg_10,request_scratch,cau100_afr0_asi0_10,regional_10,50,150,912,70,0,1,0.01,0.5545,0.001,0.98,50,71,60,9,21,0,4,4,22,0,0,4,38,0,6,10,9,0,4,20,58,0,4,9,59,0,0,-3678,429.6658020019531,38,2,1756,40,0,0,0
130,True,reg_10,request_scratch,cau100_afr0_asi0_10,regional_10,50,150,912,70,0,1,0.01,0.5545,0.001,0.98,50,58,0,0,0,0,0,0,0,0,0,3,18,4,3,8,19,0,3,11,45,0,0,0,44,0,0,-2291,569.155517578125,45,2,19,47,0,0,0
131,True,reg_10,request_scratch,cau100_afr0_asi0_10,regional_10,50,150,912,70,0,1,0.01,0.5545,0.001,0.98,50,17,63,12,27,0,4,4,15,0,1,0,4,2,1,0,8,0,2,17,67,0,4,4,57,0,1,-1120,481.72509765625,9,2,648,11,0,0,0
132,True,reg_10,request_scratch,cau100_afr0_asi0_10,regional_10,50,150,912,70,0,1,0.01,0.5545,0.001,0.98,50,16,0,0,0,0,0,0,0,0,0,1,5,0,0,5,5,0,0,17,48,0,0,3,37,0,0,-322,310.08905029296875,6,2,0,8,0,0,0
133,True,reg_10,request_scratch,cau100_afr0_asi0_10,regional_10,50,150,912,70,0,1,0.01,0.5545,0.001,0.98,50,17,55,8,22,1,4,5,15,0,0,1,10,0,1,1,4,0,0,20,67,1,4,8,50,0,0,-993,554.95654296875,7,0,643,7,0,0,0
134,True,reg_10,request_scratch,cau100_afr0_asi0_10,regional_10,50,150,912,70,0,1,0.01,0.5545,0.001,0.98,50,30,0,0,0,0,0,0,0,0,0,1,13,0,1,0,11,0,4,19,49,0,0,6,30,0,0,-1150,389.9322509765625,23,0,0,23,0,0,0
135,True,reg_10,request_scratch,cau100_afr0_asi0_10,regional_10,50,150,912,70,0,1,0.01,0.5545,0.001,0.98,50,34,53,7,23,0,3,3,15,1,1,1,17,5,1,0,7,0,3,23,71,0,3,8,43,1,1,-2474,341.4574890136719,20,1,1463,21,0,0,0
136,True,reg_10,request_scratch,cau100_afr0_asi0_10,regional_10,50,150,912,70,0,1,0.01,0.5545,0.001,0.98,50,37,6,2,3,0,0,0,1,0,0,2,17,0,4,2,10,0,2,17,48,0,0,6,31,0,0,-1172,447.63037109375,23,2,0,25,0,0,0
137,True,reg_10,request_scratch,cau100_afr0_asi0_10,regional_10,50,150,912,70,0,1,0.01,0.5545,0.001,0.98,50,62,56,9,19,2,1,2,23,0,0,1,18,2,3,5,31,1,1,24,63,2,1,4,50,0,0,-3262,316.7274169921875,35,4,1468,39,0,0,0
138,True,reg_10,request_scratch,cau100_afr0_asi0_10,regional_10,50,150,912,70,0,1,0.01,0.5545,0.001,0.98,50,25,0,0,0,0,0,0,0,0,0,0,10,1,0,2,12,0,0,18,45,0,0,0,39,0,0,-850,482.0445251464844,17,0,0,17,0,0,0
139,True,reg_10,request_scratch,cau100_afr0_asi0_10,regional_10,50,150,912,70,0,1,0.01,0.5545,0.001,0.98,50,47,56,5,27,2,2,5,14,1,0,8,14,2,0,2,19,0,2,21,69,2,2,5,50,1,0,-3001,481.75506591796875,29,2,1529,31,0,0,0
140,True,reg_10,request_scratch,cau100_afr0_asi0_10,regional_10,50,150,912,70,0,1,0.01,0.5545,0.001,0.98,50,31,0,0,0,0,0,0,0,0,0,2,14,0,5,1,9,0,0,16,49,1,0,0,38,0,0,-1227,581.80859375,23,0,77,23,0,0,0
141,True,reg_10,request_scratch,cau100_afr0_asi0_10,regional_10,50,150,912,70,0,1,0.01,0.5545,0.001,0.98,50,44,55,8,18,1,4,7,15,0,2,0,25,0,2,1,13,0,3,21,64,2,4,7,50,0,2,-3244,564.4085083007812,25,0,1994,25,0,0,0
142,True,reg_10,request_scratch,cau100_afr0_asi0_10,regional_10,50,150,912,70,0,1,0.01,0.5545,0.001,0.98,50,55,18,4,9,0,1,1,3,0,0,2,19,0,2,3,25,2,2,17,54,0,1,3,32,0,0,-2100,479.5032958984375,42,0,0,42,0,0,0
143,True,reg_10,request_scratch,cau100_afr0_asi0_10,regional_10,50,150,912,70,0,1,0.01,0.5545,0.001,0.98,50,57,40,4,15,1,1,4,14,0,1,1,22,4,9,2,19,0,0,16,67,1,1,4,44,0,1,-3961,511.7018127441406,40,0,1961,40,0,0,0
144,True,reg_10,request_scratch,cau100_afr0_asi0_10,regional_10,50,150,912,70,0,1,0.01,0.5545,0.001,0.98,50,54,28,3,11,1,3,2,8,0,0,4,17,0,2,5,18,0,8,14,53,1,3,4,40,0,0,-1600,427.6564025878906,32,0,0,32,0,0,0
145,True,reg_10,request_scratch,cau100_afr0_asi0_10,regional_10,50,150,912,70,0,1,0.01,0.5545,0.001,0.98,50,34,34,7,12,0,3,1,11,0,0,6,8,0,4,0,16,0,0,14,62,0,3,2,46,0,0,-1893,501.5934143066406,23,0,743,23,0,0,0
146,True,reg_10,request_scratch,cau100_afr0_asi0_10,regional_10,50,150,912,70,0,1,0.01,0.5545,0.001,0.98,50,20,23,3,8,0,1,3,8,0,0,6,6,0,1,2,5,0,0,17,55,0,1,3,44,0,0,-854,434.54913330078125,13,0,204,13,0,0,0
147,True,reg_10,request_scratch,cau100_afr0_asi0_10,regional_10,50,150,912,70,0,1,0.01,0.5545,0.001,0.98,50,47,25,4,5,0,4,3,8,1,0,3,13,0,4,7,19,0,1,21,51,0,4,4,49,1,0,-2959,383.1449279785156,31,0,1409,31,0,0,0
148,True,reg_10,request_scratch,cau100_afr0_asi0_10,regional_10,50,150,912,70,0,1,0.01,0.5545,0.001,0.98,50,78,45,10,14,1,6,2,12,0,0,6,39,4,4,2,23,0,0,27,50,1,6,2,47,0,0,-3979,483.7124938964844,57,1,1118,58,0,0,0
149,True,reg_10,request_scratch,cau100_afr0_asi0_10,regional_10,50,150,912,70,0,1,0.01,0.5545,0.001,0.98,50,60,12,0,10,0,0,1,1,0,0,1,27,0,6,6,19,0,1,24,49,0,0,1,40,0,0,-3531,461.9972839355469,44,2,1309,46,0,0,0
150,True,reg_10,request_scratch,cau100_afr0_asi0_10,regional_10,50,150,912,70,0,1,0.01,0.5545,0.001,0.98,50,92,56,11,22,0,2,2,15,2,2,9,43,0,9,5,26,0,0,28,59,0,2,2,44,2,2,-4185,384.0533752441406,67,1,824,68,0,0,0
151,True,reg_10,request_scratch,cau100_afr0_asi0_10,regional_10,50,150,912,70,0,1,0.01,0.5545,0.001,0.98,50,43,0,0,0,0,0,0,0,0,0,4,17,1,2,7,12,0,0,25,51,0,0,0,36,0,0,-2136,491.8948974609375,32,1,525,33,0,0,0
152,True,reg_10,request_scratch,cau100_afr0_asi0_10,regional_10,50,150,912,70,0,1,0.01,0.5545,0.001,0.98,50,55,55,12,19,1,8,1,13,0,1,5,19,0,2,5,22,1,1,33,65,1,8,1,41,0,1,-3225,442.50506591796875,32,2,1603,34,0,0,0
153,True,reg_10,request_scratch,cau100_afr0_asi0_10,regional_10,50,150,912,70,0,1,0.01,0.5545,0.001,0.98,50,59,3,1,1,0,0,0,1,0,0,6,21,5,2,2,22,0,1,24,52,0,0,0,30,0,0,-2793,393.3441467285156,47,1,432,48,0,0,0
154,True,reg_10,request_scratch,cau100_afr0_asi0_10,regional_10,50,150,912,70,0,1,0.01,0.5545,0.001,0.98,50,38,55,10,20,0,4,4,16,0,1,3,14,2,5,0,11,0,3,32,62,0,4,4,44,0,1,-2790,513.2216186523438,24,0,1590,24,0,0,0
155,True,reg_10,request_scratch,cau100_afr0_asi0_10,regional_10,50,150,912,70,0,1,0.01,0.5545,0.001,0.98,50,69,11,2,4,0,1,2,2,0,0,4,33,0,4,1,25,0,2,25,44,0,1,2,32,0,0,-2600,618.5249633789062,52,0,0,52,0,0,0
156,True,reg_10,request_scratch,cau100_afr0_asi0_10,regional_10,50,150,912,70,0,1,0.01,0.5545,0.001,0.98,50,99,55,10,21,1,2,2,15,2,2,10,34,2,9,4,37,0,3,30,61,1,2,2,42,2,2,-5552,431.8315124511719,70,1,2041,71,0,0,0
157,True,reg_10,request_scratch,cau100_afr0_asi0_10,regional_10,50,150,912,70,0,1,0.01,0.5545,0.001,0.98,50,100,1,0,0,0,0,1,0,0,0,8,36,0,5,4,45,0,2,23,46,0,0,1,34,0,0,-3885,408.96240234375,76,0,85,76,0,0,0
158,True,reg_10,request_scratch,cau100_afr0_asi0_10,regional_10,50,150,912,70,0,1,0.01,0.5545,0.001,0.98,50,70,70,9,24,3,5,4,22,1,2,11,18,2,9,6,20,0,4,22,61,3,5,4,52,1,2,-3798,409.9945068359375,45,2,1526,47,0,0,0
159,True,reg_10,request_scratch,cau100_afr0_asi0_10,regional_10,50,150,912,70,0,1,0.01,0.5545,0.001,0.98,50,47,0,0,0,0,0,0,0,0,0,5,10,0,1,3,27,0,1,18,49,0,0,0,39,0,0,-2054,640.4840698242188,38,1,143,39,0,0,0
160,True,reg_10,request_scratch,cau100_afr0_asi0_10,regional_10,50,150,912,70,0,1,0.01,0.5545,0.001,0.98,50,23,55,6,17,4,2,5,20,0,1,4,7,2,0,0,9,0,1,19,62,4,2,5,57,0,1,-1546,527.8689575195312,13,1,885,14,0,0,0
161,True,reg_10,request_scratch,cau100_afr0_asi0_10,regional_10,50,150,912,70,0,1,0.01,0.5545,0.001,0.98,50,32,0,0,0,0,0,0,0,0,0,3,11,0,0,0,18,0,0,15,41,4,0,2,42,0,0,-1033,516.2736206054688,20,3,0,23,0,0,0
162,True,reg_10,request_scratch,cau100_afr0_asi0_10,regional_10,50,150,912,70,0,1,0.01,0.5545,0.001,0.98,50,51,58,3,22,1,2,3,25,0,2,2,27,2,0,2,17,0,1,15,63,1,2,3,64,0,2,-3806,417.3980407714844,32,1,2195,33,0,0,0
163,True,reg_10,request_scratch,cau100_afr0_asi0_10,regional_10,50,150,912,70,0,1,0.01,0.5545,0.001,0.98,50,60,7,0,5,0,0,0,2,0,0,2,24,2,2,7,19,2,2,9,44,0,0,0,47,0,0,-2500,427.66033935546875,50,0,0,50,0,0,0
164,True,reg_10,request_scratch,cau100_afr0_asi0_10,regional_10,50,150,912,70,0,1,0.01,0.5545,0.001,0.98,50,69,53,8,14,1,2,6,21,0,1,2,26,0,2,5,30,2,2,13,56,1,2,6,64,0,1,-4231,661.4957885742188,47,1,1870,48,0,0,0
165,True,reg_10,request_scratch,cau100_afr0_asi0_10,regional_10,50,150,912,70,0,1,0.01,0.5545,0.001,0.98,50,59,8,1,3,0,0,2,2,0,0,0,24,8,6,7,12,0,2,8,44,0,0,4,50,0,0,-2300,439.6522521972656,46,0,0,46,0,0,0
166,True,reg_10,request_scratch,cau100_afr0_asi0_10,regional_10,50,150,912,70,0,1,0.01,0.5545,0.001,0.98,50,29,51,8,18,1,1,1,20,0,2,0,8,0,2,5,12,2,0,12,60,1,1,1,67,0,2,-2008,415.738037109375,16,6,1142,22,0,0,0
167,True,reg_10,request_scratch,cau100_afr0_asi0_10,regional_10,50,150,912,70,0,1,0.01,0.5545,0.001,0.98,50,32,9,2,1,1,1,0,4,0,0,6,10,0,6,3,5,2,0,12,41,1,1,0,49,0,0,-1552,455.6705627441406,27,0,202,27,0,0,0
168,True,reg_10,request_scratch,cau100_afr0_asi0_10,regional_10,50,150,912,70,0,1,0.01,0.5545,0.001,0.98,50,72,50,6,23,0,0,3,17,0,1,0,15,2,6,2,39,0,8,16,59,0,0,3,64,0,1,-4513,525.184326171875,48,1,2102,49,0,0,0
169,True,reg_10,request_scratch,cau100_afr0_asi0_10,regional_10,50,150,912,70,0,1,0.01,0.5545,0.001,0.98,50,106,9,1,4,0,0,0,4,0,0,6,39,2,9,11,38,0,1,8,49,0,0,0,47,0,0,-4591,353.5459289550781,87,3,208,90,0,0,0
170,True,reg_10,request_scratch,cau100_afr0_asi0_10,regional_10,50,150,912,70,0,1,0.01,0.5545,0.001,0.98,50,98,56,10,23,0,5,6,11,1,0,4,26,7,10,8,40,0,3,14,64,0,5,6,51,1,0,-6044,451.0499267578125,73,0,2394,73,0,0,0
171,True,reg_10,request_scratch,cau100_afr0_asi0_10,regional_10,50,150,912,70,0,1,0.01,0.5545,0.001,0.98,50,77,11,2,5,0,1,0,2,0,1,7,25,0,11,3,22,0,9,11,56,0,1,0,38,0,1,-2805,507.6081848144531,53,0,155,53,0,0,0
172,True,reg_10,request_scratch,cau100_afr0_asi0_10,regional_10,50,150,912,70,0,1,0.01,0.5545,0.001,0.98,50,61,58,12,22,1,2,2,17,0,2,3,18,0,10,0,25,3,2,17,67,1,2,2,50,0,2,-3573,545.6825561523438,39,3,1590,42,0,0,0
173,True,reg_10,request_scratch,cau100_afr0_asi0_10,regional_10,50,150,912,70,0,1,0.01,0.5545,0.001,0.98,50,30,7,1,3,0,1,0,2,0,0,4,10,2,3,2,8,0,1,9,57,0,1,0,36,0,0,-1339,412.0420227050781,23,1,178,24,0,0,0
174,True,reg_10,request_scratch,cau100_afr0_asi0_10,regional_10,50,150,912,70,0,1,0.01,0.5545,0.001,0.98,50,29,51,5,21,1,4,5,15,0,0,0,11,0,2,4,12,0,0,13,74,1,4,5,47,0,0,-1969,281.52301025390625,20,1,958,21,0,0,0
175,True,reg_10,request_scratch,cau100_afr0_asi0_10,regional_10,50,150,912,70,0,1,0.01,0.5545,0.001,0.98,50,75,1,0,1,0,0,0,0,0,0,7,24,3,2,6,25,0,8,11,52,1,0,4,36,0,0,-3112,418.7392883300781,59,1,151,60,0,0,0
176,True,reg_10,request_scratch,cau100_afr0_asi0_10,regional_10,50,150,912,70,0,1,0.01,0.5545,0.001,0.98,50,94,61,7,26,1,3,5,18,0,1,13,37,0,4,5,35,0,0,15,72,1,3,5,52,0,1,-6906,486.5015869140625,71,0,3356,71,0,0,0
177,True,reg_10,request_scratch,cau100_afr0_asi0_10,regional_10,50,150,912,70,0,1,0.01,0.5545,0.001,0.98,50,68,5,1,2,0,0,0,2,0,0,9,22,3,7,6,15,0,6,9,53,0,0,0,37,0,0,-2815,589.2181396484375,54,2,93,56,0,0,0
178,True,reg_10,request_scratch,cau100_afr0_asi0_10,regional_10,50,150,912,70,0,1,0.01,0.5545,0.001,0.98,50,71,60,13,22,1,2,6,15,0,1,7,33,0,7,8,11,0,5,18,68,1,2,6,49,0,1,-4235,601.9603271484375,48,1,1824,49,0,0,0
179,True,reg_10,request_scratch,cau100_afr0_asi0_10,regional_10,50,150,912,70,0,1,0.01,0.5545,0.001,0.98,50,54,1,0,0,0,1,0,0,0,0,5,29,0,3,2,15,0,0,13,51,0,1,0,35,0,0,-2102,503.817138671875,42,0,2,42,0,0,0
180,True,reg_10,request_scratch,cau100_afr0_asi0_10,regional_10,50,150,912,70,0,1,0.01,0.5545,0.001,0.98,50,26,62,10,19,0,3,7,20,1,2,2,10,2,1,1,8,0,2,22,66,0,3,7,49,1,2,-1543,474.6822509765625,13,3,860,16,0,0,0
181,True,reg_10,request_scratch,cau100_afr0_asi0_10,regional_10,50,150,912,70,0,1,0.01,0.5545,0.001,0.98,50,16,0,0,0,0,0,0,0,0,0,1,9,0,2,2,2,0,0,19,43,0,0,6,37,0,0,-499,411.4926452636719,9,1,38,10,0,0,0
182,True,reg_10,request_scratch,cau100_afr0_asi0_10,regional_10,50,150,912,70,0,1,0.01,0.5545,0.001,0.98,50,40,54,9,17,2,2,3,20,0,1,5,15,0,6,4,9,0,1,27,58,2,2,8,52,0,1,-2472,610.250732421875,20,1,1461,21,0,0,0
183,True,reg_10,request_scratch,cau100_afr0_asi0_10,regional_10,50,150,912,70,0,1,0.01,0.5545,0.001,0.98,50,56,2,1,0,0,0,0,1,0,0,11,11,0,14,0,18,1,1,20,36,0,0,4,41,0,0,-2100,463.9178161621094,42,0,0,42,0,0,0
184,True,reg_10,request_scratch,cau100_afr0_asi0_10,regional_10,50,150,912,70,0,1,0.01,0.5545,0.001,0.98,50,66,61,10,27,0,1,7,15,0,1,8,27,0,5,3,20,0,3,28,58,0,1,8,52,0,1,-4224,391.9714660644531,44,0,2024,44,0,0,0
185,True,reg_10,request_scratch,cau100_afr0_asi0_10,regional_10,50,150,912,70,0,1,0.01,0.5545,0.001,0.98,50,36,0,0,0,0,0,0,0,0,0,0,12,0,1,1,20,0,2,20,44,0,0,4,36,0,0,-1250,419.5721130371094,25,0,0,25,0,0,0
186,True,reg_10,request_scratch,cau100_afr0_asi0_10,regional_10,50,150,912,70,0,1,0.01,0.5545,0.001,0.98,50,38,57,9,17,2,3,5,18,0,3,2,11,0,0,2,19,1,3,25,59,2,3,7,51,0,3,-2487,322.5163879394531,23,2,1315,25,0,0,0
187,True,reg_10,request_scratch,cau100_afr0_asi0_10,regional_10,50,150,912,70,0,1,0.01,0.5545,0.001,0.98,50,45,0,0,0,0,0,0,0,0,0,0,17,0,4,6,17,0,1,20,44,1,0,1,34,0,3,-1262,437.9892883300781,25,1,1,26,0,0,0
188,True,reg_10,request_scratch,cau100_afr0_asi0_10,regional_10,50,150,912,70,0,1,0.01,0.5545,0.001,0.98,50,27,67,9,23,3,4,6,21,1,0,0,13,0,5,3,6,0,0,20,66,3,4,7,48,1,1,-1588,445.3576354980469,12,2,966,14,0,0,0
189,True,reg_10,request_scratch,cau100_afr0_asi0_10,regional_10,50,150,912,70,0,1,0.01,0.5545,0.001,0.98,50,65,0,0,0,0,0,0,0,0,0,1,26,2,8,4,22,0,2,18,40,2,0,2,39,0,0,-2333,302.45159912109375,46,3,0,49,0,0,0
190,True,reg_10,request_scratch,cau100_afr0_asi0_10,regional_10,50,150,912,70,0,1,0.01,0.5545,0.001,0.98,50,72,68,15,22,0,2,7,21,0,1,11,20,3,8,5,23,0,2,29,56,0,2,7,55,0,1,-4183,409.5755310058594,52,0,1583,52,0,0,0
191,True,reg_10,request_scratch,cau100_afr0_asi0_10,regional_10,50,150,912,70,0,1,0.01,0.5545,0.001,0.98,50,90,0,0,0,0,0,0,0,0,0,14,30,0,8,2,32,0,4,24,45,0,0,2,42,0,0,-3411,438.95452880859375,68,1,0,69,0,0,0
192,True,reg_10,request_scratch,cau100_afr0_asi0_10,regional_10,50,150,912,70,0,1,0.01,0.5545,0.001,0.98,50,72,59,15,19,1,5,1,16,1,1,0,24,2,9,15,18,0,4,33,55,1,5,1,53,1,1,-4315,559.749267578125,48,2,1893,50,0,0,0
193,True,reg_10,request_scratch,cau100_afr0_asi0_10,regional_10,50,150,912,70,0,1,0.01,0.5545,0.001,0.98,50,53,0,0,0,0,0,0,0,0,0,2,19,0,11,2,18,0,1,27,41,0,0,0,37,0,0,-2150,432.8150634765625,43,0,0,43,0,0,0
194,True,reg_10,request_scratch,cau100_afr0_asi0_10,regional_10,50,150,912,70,0,1,0.01,0.5545,0.001,0.98,50,26,55,8,22,0,1,4,17,1,2,2,5,1,1,1,16,0,0,31,59,0,1,4,52,1,2,-1996,747.1474609375,18,0,1096,18,0,0,0
195,True,reg_10,request_scratch,cau100_afr0_asi0_10,regional_10,50,150,912,70,0,1,0.01,0.5545,0.001,0.98,50,30,0,0,0,0,0,0,0,0,0,2,9,1,0,3,13,0,2,23,41,0,0,4,33,0,1,-1150,392.6812438964844,23,0,0,23,0,0,0
196,True,reg_10,request_scratch,cau100_afr0_asi0_10,regional_10,50,150,912,70,0,1,0.01,0.5545,0.001,0.98,50,58,55,8,20,1,4,3,19,0,0,0,35,0,3,2,18,0,0,30,61,1,4,5,49,0,0,-4364,512.1328125,39,0,2414,39,0,0,0
197,True,reg_10,request_scratch,cau100_afr0_asi0_10,regional_10,50,150,912,70,0,1,0.01,0.5545,0.001,0.98,50,94,9,1,3,0,0,1,4,0,0,7,45,1,4,5,27,0,5,17,45,0,0,1,40,0,0,-4000,515.3439331054688,80,0,0,80,0,0,0
198,True,reg_10,request_scratch,cau100_afr0_asi0_10,regional_10,50,150,912,70,0,1,0.01,0.5545,0.001,0.98,50,69,53,8,18,2,2,6,15,0,2,0,23,0,3,5,33,0,5,21,57,2,2,6,52,0,2,-3939,505.99310302734375,43,3,1756,46,0,0,0
199,True,reg_10,request_scratch,cau100_afr0_asi0_10,regional_10,50,150,912,70,0,1,0.01,0.5545,0.001,0.98,50,67,7,5,0,0,0,0,2,0,0,4,18,0,10,0,30,2,3,22,41,0,0,3,40,0,0,-2600,520.4773559570312,52,0,0,52,0,0,0
200,True,reg_10,request_scratch,cau100_afr0_asi0_10,regional_10,50,150,912,70,0,1,0.01,0.5545,0.001,0.98,50,44,52,8,26,1,3,1,13,0,0,2,11,2,0,4,20,3,2,25,60,1,3,3,51,0,0,-2718,590.8901977539062,28,2,1296,30,0,0,0
201,True,reg_10,request_scratch,cau100_afr0_asi0_10,regional_10,50,150,912,70,0,1,0.01,0.5545,0.001,0.98,50,19,0,0,0,0,0,0,0,0,0,1,4,0,0,1,11,2,0,22,47,0,0,0,34,0,0,-745,499.58807373046875,13,1,84,14,0,0,0
202,True,reg_10,request_scratch,cau100_afr0_asi0_10,regional_10,50,150,912,70,0,1,0.01,0.5545,0.001,0.98,50,28,55,11,19,1,4,7,12,0,1,0,13,3,0,2,9,0,1,32,63,1,4,7,42,0,1,-1841,438.84326171875,15,1,1080,16,0,0,0
203,True,reg_10,request_scratch,cau100_afr0_asi0_10,regional_10,50,150,912,70,0,1,0.01,0.5545,0.001,0.98,50,42,4,0,3,0,0,0,1,0,0,2,20,1,5,1,12,0,1,24,48,0,0,4,28,0,0,-1740,524.2659301757812,32,0,140,32,0,0,0
204,True,reg_10,request_scratch,cau100_afr0_asi0_10,regional_10,50,150,912,70,0,1,0.01,0.5545,0.001,0.98,50,74,52,6,21,1,4,2,17,0,1,6,37,2,4,6,18,0,1,25,67,1,4,5,43,0,1,-5451,455.96484375,51,0,2901,51,0,0,0
205,True,reg_10,request_scratch,cau100_afr0_asi0_10,regional_10,50,150,912,70,0,1,0.01,0.5545,0.001,0.98,50,86,16,3,3,0,1,0,9,0,0,2,31,0,7,7,33,0,6,20,46,0,1,0,39,0,0,-3250,501.656005859375,65,0,0,65,0,0,0
206,True,reg_10,request_scratch,cau100_afr0_asi0_10,regional_10,50,150,912,70,0,1,0.01,0.5545,0.001,0.98,50,82,50,8,16,0,3,4,18,0,1,5,22,0,6,1,42,2,4,22,54,0,3,4,51,0,1,-4398,525.8090209960938,62,0,1298,62,0,0,0
207,True,reg_10,request_scratch,cau100_afr0_asi0_10,regional_10,50,150,912,70,0,1,0.01,0.5545,0.001,0.98,50,44,3,0,2,0,0,1,0,0,0,6,18,4,2,4,8,0,2,17,45,0,0,1,45,0,0,-2032,489.98724365234375,38,0,132,38,0,0,0
208,True,reg_10,request_scratch,cau100_afr0_asi0_10,regional_10,50,150,912,70,0,1,0.01,0.5545,0.001,0.98,50,15,48,5,20,1,5,2,14,1,0,0,2,0,3,0,8,0,2,20,62,1,5,2,57,1,0,-797,352.64508056640625,4,1,586,5,0,0,0
209,True,reg_10,request_scratch,cau100_afr0_asi0_10,regional_10,50,150,912,70,0,1,0.01,0.5545,0.001,0.98,50,32,7,2,2,0,0,0,2,0,1,1,9,0,4,0,18,0,0,18,43,1,0,2,43,0,1,-1304,463.8717956542969,19,0,354,19,0,0,0
210,True,reg_10,request_scratch,cau100_afr0_asi0_10,regional_10,50,150,912,70,0,1,0.01,0.5545,0.001,0.98,50,52,55,6,24,2,2,6,14,1,0,4,22,0,9,5,6,2,4,21,64,2,2,6,48,1,0,-3824,535.5357666015625,36,1,2013,37,0,0,0
211,True,reg_10,request_scratch,cau100_afr0_asi0_10,regional_10,50,150,912,70,0,1,0.01,0.5545,0.001,0.98,50,48,9,3,5,0,0,1,0,0,0,8,25,0,3,3,8,0,1,16,53,0,0,4,30,0,0,-1729,408.4206237792969,34,0,29,34,0,0,0
212,True,reg_10,request_scratch,cau100_afr0_asi0_10,regional_10,50,150,912,70,0,1,0.01,0.5545,0.001,0.98,50,31,52,12,11,0,5,4,18,0,2,2,13,0,4,0,12,0,0,25,59,0,5,5,45,0,2,-1696,549.5335693359375,17,0,846,17,0,0,0
213,True,reg_10,request_scratch,cau100_afr0_asi0_10,regional_10,50,150,912,70,0,1,0.01,0.5545,0.001,0.98,50,40,6,0,1,0,0,1,4,0,0,2,23,4,1,1,9,0,0,23,43,0,0,3,38,0,0,-1562,639.7221069335938,29,1,101,30,0,0,0
214,True,reg_10,request_scratch,cau100_afr0_asi0_10,regional_10,50,150,912,70,0,1,0.01,0.5545,0.001,0.98,50,22,48,6,20,1,1,4,15,0,1,1,11,0,1,0,7,0,2,27,59,1,1,6,49,0,1,-1448,348.5672302246094,12,0,848,12,0,0,0
215,True,reg_10,request_scratch,cau100_afr0_asi0_10,regional_10,50,150,912,70,0,1,0.01,0.5545,0.001,0.98,50,22,6,0,2,0,2,0,2,0,0,4,4,0,2,0,11,0,1,21,39,1,2,3,39,0,0,-629,410.42718505859375,9,2,157,11,0,0,0
216,True,reg_10,request_scratch,cau100_afr0_asi0_10,regional_10,50,150,912,70,0,1,0.01,0.5545,0.001,0.98,50,23,59,7,22,0,6,6,18,0,0,10,4,4,2,0,3,0,0,25,56,0,6,6,53,0,0,-1404,439.5682678222656,12,0,804,12,0,0,0
217,True,reg_10,request_scratch,cau100_afr0_asi0_10,regional_10,50,150,912,70,0,1,0.01,0.5545,0.001,0.98,50,35,0,0,0,0,0,0,0,0,0,4,11,0,2,0,17,0,1,13,45,0,0,4,39,0,0,-1497,405.3684387207031,27,0,147,27,0,0,0
218,True,reg_10,request_scratch,cau100_afr0_asi0_10,regional_10,50,150,912,70,0,1,0.01,0.5545,0.001,0.98,50,62,60,13,21,2,4,5,15,0,0,6,21,0,8,1,24,0,2,23,63,2,4,8,50,0,0,-3849,461.33642578125,40,0,1849,40,0,0,0
219,True,reg_10,request_scratch,cau100_afr0_asi0_10,regional_10,50,150,912,70,0,1,0.01,0.5545,0.001,0.98,50,60,0,0,0,0,0,0,0,0,0,1,28,2,3,4,22,0,0,19,45,0,0,2,35,0,0,-2327,546.7116088867188,46,0,27,46,0,0,0
220,True,reg_10,request_scratch,cau100_afr0_asi0_10,regional_10,50,150,912,70,0,1,0.01,0.5545,0.001,0.98,50,85,63,10,23,0,0,8,22,0,0,8,40,0,6,4,25,0,2,26,62,0,0,8,54,0,0,-5513,493.3041687011719,60,1,2502,61,0,0,0
221,True,reg_10,request_scratch,cau100_afr0_asi0_10,regional_10,50,150,912,70,0,1,0.01,0.5545,0.001,0.98,50,74,0,0,0,0,0,0,0,0,0,12,27,1,4,3,22,0,5,16,44,0,0,5,37,0,0,-2711,532.2899780273438,54,1,0,55,0,0,0
222,True,reg_10,request_scratch,cau100_afr0_asi0_10,regional_10,50,150,912,70,0,1,0.01,0.5545,0.001,0.98,50,26,68,7,29,2,4,6,17,0,3,0,6,2,5,1,10,0,2,18,67,2,4,6,50,0,3,-1071,558.9398193359375,8,2,649,10,0,0,0
223,True,reg_10,request_scratch,cau100_afr0_asi0_10,regional_10,50,150,912,70,0,1,0.01,0.5545,0.001,0.98,50,22,0,0,0,0,0,0,0,0,0,0,12,0,1,2,7,0,0,15,52,0,0,1,39,0,1,-650,689.3257446289062,13,0,0,13,0,0,0
224,True,reg_10,request_scratch,cau100_afr0_asi0_10,regional_10,50,150,912,70,0,1,0.01,0.5545,0.001,0.98,50,65,51,3,19,0,5,0,21,1,2,6,28,0,0,6,23,0,2,16,69,0,5,0,57,1,2,-5013,640.4483032226562,47,1,2652,48,0,0,0
225,True,reg_10,request_scratch,cau100_afr0_asi0_10,regional_10,50,150,912,70,0,1,0.01,0.5545,0.001,0.98,50,119,11,4,3,0,0,0,4,0,0,13,30,0,13,7,55,0,1,14,51,0,0,0,42,0,0,-4272,501.0954895019531,85,2,0,87,0,0,0
226,True,reg_10,request_scratch,cau100_afr0_asi0_10,regional_10,50,150,912,70,0,1,0.01,0.5545,0.001,0.98,50,98,70,10,23,1,4,4,27,0,1,14,28,2,5,4,41,1,3,10,65,1,4,4,58,0,1,-5028,547.3948974609375,67,1,1667,68,0,0,0
227,True,reg_10,request_scratch,cau100_afr0_asi0_10,regional_10,50,150,912,70,0,1,0.01,0.5545,0.001,0.98,50,148,0,0,0,0,0,0,0,0,0,13,37,2,8,19,62,0,7,5,45,0,0,0,50,0,0,-5927,571.0589599609375,117,7,0,124,0,0,0
228,True,reg_10,request_scratch,cau100_afr0_asi0_10,regional_10,50,150,912,70,0,1,0.01,0.5545,0.001,0.98,50,83,81,10,33,3,4,7,20,1,3,5,39,0,11,5,16,3,4,10,65,3,4,7,57,1,3,-3085,586.45166015625,51,1,524,52,0,0,0
229,True,reg_10,request_scratch,cau100_afr0_asi0_10,regional_10,50,150,912,70,0,1,0.01,0.5545,0.001,0.98,50,43,0,0,0,0,0,0,0,0,0,10,10,1,2,3,17,0,0,5,59,0,0,0,51,0,0,-1835,530.7264404296875,33,0,185,33,0,0,0
230,True,reg_10,request_scratch,cau100_afr0_asi0_10,regional_10,50,150,912,70,0,1,0.01,0.5545,0.001,0.98,50,50,47,8,21,2,1,3,12,0,0,4,18,0,4,0,22,0,2,8,77,2,1,3,59,0,0,-4245,545.5747680664062,37,2,2373,39,0,0,0
231,True,reg_10,request_scratch,cau100_afr0_asi0_10,regional_10,50,150,912,70,0,1,0.01,0.5545,0.001,0.98,50,61,21,4,5,0,2,1,8,0,1,6,17,2,9,6,11,4,6,9,59,0,2,1,40,0,1,-1983,451.5199890136719,39,3,0,42,0,0,0
232,True,reg_10,request_scratch,cau100_afr0_asi0_10,regional_10,50,150,912,70,0,1,0.01,0.5545,0.001,0.98,50,90,43,10,14,2,2,1,12,1,1,12,24,2,4,12,33,1,2,14,66,2,2,1,46,1,1,-6359,450.8034362792969,65,5,3054,70,0,0,0
233,True,reg_10,request_scratch,cau100_afr0_asi0_10,regional_10,50,150,912,70,0,1,0.01,0.5545,0.001,0.98,50,80,34,6,13,0,3,1,11,0,0,0,26,0,13,5,32,0,4,15,53,0,3,1,43,0,0,-2972,426.800537109375,59,2,0,61,0,0,0
234,True,reg_10,request_scratch,cau100_afr0_asi0_10,regional_10,50,150,912,70,0,1,0.01,0.5545,0.001,0.98,50,58,26,5,9,1,1,0,10,0,0,2,10,0,6,2,34,0,4,13,56,1,1,0,49,0,0,-3120,426.6259765625,43,1,959,44,0,0,0
235,True,reg_10,request_scratch,cau100_afr0_asi0_10,regional_10,50,150,912,70,0,1,0.01,0.5545,0.001,0.98,50,43,34,5,11,0,1,4,12,0,1,2,16,0,2,2,21,0,0,16,52,0,1,4,52,0,1,-1796,495.51507568359375,29,0,346,29,0,0,0
236,True,reg_10,request_scratch,cau100_afr0_asi0_10,regional_10,50,150,912,70,0,1,0.01,0.5545,0.001,0.98,50,56,11,1,1,0,0,2,7,0,0,8,15,0,1,5,19,4,4,14,48,0,0,5,52,0,0,-3347,261.08367919921875,41,3,1264,44,0,0,0
237,True,reg_10,request_scratch,cau100_afr0_asi0_10,regional_10,50,150,912,70,0,1,0.01,0.5545,0.001,0.98,50,38,58,11,23,1,2,5,16,0,0,5,11,1,6,6,9,0,0,20,57,1,2,5,56,0,0,-2111,467.0172119140625,25,1,850,26,0,0,0
238,True,reg_10,request_scratch,cau100_afr0_asi0_10,regional_10,50,150,912,70,0,1,0.01,0.5545,0.001,0.98,50,63,0,0,0,0,0,0,0,0,0,3,31,3,7,2,17,0,0,18,44,0,0,1,45,0,0,-3141,568.4379272460938,45,0,891,45,0,0,0
239,True,reg_10,request_scratch,cau100_afr0_asi0_10,regional_10,50,150,912,70,0,1,0.01,0.5545,0.001,0.98,50,52,69,13,25,1,3,6,19,1,1,3,19,0,1,6,23,0,0,24,60,1,3,6,54,1,1,-2708,567.3146362304688,33,1,1047,34,0,0,0
240,True,reg_10,request_scratch,cau100_afr0_asi0_10,regional_10,50,150,912,70,0,1,0.01,0.5545,0.001,0.98,50,65,0,0,0,0,0,0,0,0,0,8,17,2,5,6,22,0,5,20,49,0,0,3,42,0,0,-2667,742.0209350585938,47,1,306,48,0,0,0
241,True,reg_10,request_scratch,cau100_afr0_asi0_10,regional_10,50,150,912,70,0,1,0.01,0.5545,0.001,0.98,50,62,55,12,22,1,4,2,14,0,0,1,27,2,6,3,19,2,2,28,66,1,4,2,49,0,0,-4080,427.5353088378906,41,1,2019,42,0,0,0
242,True,reg_10,request_scratch,cau100_afr0_asi0_10,regional_10,50,150,912,70,0,1,0.01,0.5545,0.001,0.98,50,47,1,0,0,0,0,0,1,0,0,5,15,0,0,5,22,0,0,21,47,0,0,0,34,0,0,-2050,476.761474609375,41,0,0,41,0,0,0
243,True,reg_10,request_scratch,cau100_afr0_asi0_10,regional_10,50,150,912,70,0,1,0.01,0.5545,0.001,0.98,50,17,53,8,22,1,3,3,15,0,1,0,4,0,2,0,11,0,0,28,65,1,3,3,48,0,1,-1399,440.0084228515625,12,0,799,12,0,0,0
244,True,reg_10,request_scratch,cau100_afr0_asi0_10,regional_10,50,150,912,70,0,1,0.01,0.5545,0.001,0.98,50,15,5,1,0,1,0,0,3,0,0,2,6,0,0,3,4,0,0,21,44,2,0,2,33,0,0,-561,511.1728820800781,11,1,0,12,0,0,0
245,True,reg_10,request_scratch,cau100_afr0_asi0_10,regional_10,50,150,912,70,0,1,0.01,0.5545,0.001,0.98,50,33,47,8,21,0,1,3,14,0,0,6,13,0,3,0,11,0,0,28,65,1,1,5,45,0,0,-2467,485.52203369140625,21,0,1417,21,0,0,0
246,True,reg_10,request_scratch,cau100_afr0_asi0_10,regional_10,50,150,912,70,0,1,0.01,0.5545,0.001,0.98,50,52,9,2,4,0,0,0,2,0,1,5,18,2,4,6,13,0,4,19,47,1,0,2,35,0,1,-1657,459.889404296875,33,0,7,33,0,0,0
247,True,reg_10,request_scratch,cau100_afr0_asi0_10,regional_10,50,150,912,70,0,1,0.01,0.5545,0.001,0.98,50,73,56,9,22,0,3,3,16,0,3,5,33,1,3,3,25,2,1,24,64,0,3,3,45,0,3,-4095,548.5277099609375,47,2,1723,49,0,0,0
248,True,reg_10,request_scratch,cau100_afr0_asi0_10,regional_10,50,150,912,70,0,1,0.01,0.5545,0.001,0.98,50,80,0,0,0,0,0,0,0,0,0,6,20,0,6,11,33,2,2,20,47,0,0,1,35,0,0,-3397,470.42193603515625,65,1,136,66,0,0,0
249,True,reg_10,request_scratch,cau100_afr0_asi0_10,regional_10,50,150,912,70,0,1,0.01,0.5545,0.001,0.98,50,41,62,12,23,0,7,5,11,1,3,5,17,0,2,3,13,1,0,27,66,0,7,5,41,1,3,-2019,569.0715942382812,18,2,1097,20,0,0,0
250,True,reg_10,request_scratch,cau100_afr0_asi0_10,regional_10,50,150,912,70,0,1,0.01,0.5545,0.001,0.98,50,32,0,0,0,0,0,0,0,0,0,1,11,0,5,1,14,0,0,23,49,0,0,2,29,0,1,-1454,496.9056396484375,25,1,193,26,0,0,0
251,True,reg_10,request_scratch,cau100_afr0_asi0_10,regional_10,50,150,912,70,0,1,0.01,0.5545,0.001,0.98,50,27,58,8,24,1,4,5,16,0,0,5,13,0,3,0,6,0,0,29,69,1,4,6,41,0,0,-2112,425.0364074707031,19,0,1162,19,0,0,0
252,True,reg_10,request_scratch,cau100_afr0_asi0_10,regional_10,50,150,912,70,0,1,0.01,0.5545,0.001,0.98,50,55,0,0,0,0,0,0,0,0,0,4,22,2,0,2,21,0,4,20,47,1,0,5,27,0,0,-2250,567.8182983398438,45,0,0,45,0,0,0
253,True,reg_10,request_scratch,cau100_afr0_asi0_10,regional_10,50,150,912,70,0,1,0.01,0.5545,0.001,0.98,50,53,60,12,21,2,3,3,18,1,0,4,17,0,4,5,23,0,0,31,67,2,3,7,39,1,0,-3493,516.09716796875,34,3,1760,37,0,0,0
254,True,reg_10,request_scratch,cau100_afr0_asi0_10,regional_10,50,150,912,70,0,1,0.01,0.5545,0.001,0.98,50,60,0,0,0,0,0,0,0,0,0,2,24,3,4,5,19,0,3,20,45,0,0,4,34,0,0,-2450,334.4909973144531,49,0,0,49,0,0,0
255,True,reg_10,request_scratch,cau100_afr0_asi0_10,regional_10,50,150,912,70,0,1,0.01,0.5545,0.001,0.98,50,44,58,9,25,2,6,5,10,0,1,5,16,0,7,4,10,0,2,25,66,2,6,6,44,0,1,-2879,556.0023803710938,26,1,1568,27,0,0,0
256,True,reg_10,request_scratch,cau100_afr0_asi0_10,regional_10,50,150,912,70,0,1,0.01,0.5545,0.001,0.98,50,41,5,0,3,0,0,1,1,0,0,7,7,0,2,3,20,2,0,21,49,1,0,3,29,0,0,-1572,559.3451538085938,31,2,0,33,0,0,0
257,True,reg_10,request_scratch,cau100_afr0_asi0_10,regional_10,50,150,912,70,0,1,0.01,0.5545,0.001,0.98,50,22,53,10,20,1,2,6,14,0,0,0,13,0,2,2,4,0,1,30,68,1,2,6,39,0,0,-1686,394.63177490234375,15,0,936,15,0,0,0
258,True,reg_10,request_scratch,cau100_afr0_asi0_10,regional_10,50,150,912,70,0,1,0.01,0.5545,0.001,0.98,50,36,2,1,1,0,0,0,0,0,0,6,13,0,0,1,16,0,0,20,49,0,0,6,25,0,0,-1450,550.797119140625,29,0,0,29,0,0,0
259,True,reg_10,request_scratch,cau100_afr0_asi0_10,regional_10,50,150,912,70,0,1,0.01,0.5545,0.001,0.98,50,43,55,13,16,1,4,2,18,0,1,7,15,1,6,5,9,0,0,32,61,1,4,7,42,0,1,-3194,541.0993041992188,32,0,1594,32,0,0,0
260,True,reg_10,request_scratch,cau100_afr0_asi0_10,regional_10,50,150,912,70,0,1,0.01,0.5545,0.001,0.98,50,46,0,0,0,0,0,0,0,0,0,3,19,2,6,0,16,0,0,24,40,1,0,4,33,0,0,-1940,494.2076416015625,36,0,140,36,0,0,0
261,True,reg_10,request_scratch,cau100_afr0_asi0_10,regional_10,50,150,912,70,0,1,0.01,0.5545,0.001,0.98,50,76,59,11,19,1,3,5,20,0,0,5,19,0,4,6,34,2,6,30,56,1,3,8,52,0,0,-4874,435.9719543457031,48,2,2452,50,0,0,0
262,True,reg_10,request_scratch,cau100_afr0_asi0_10,regional_10,50,150,912,70,0,1,0.01,0.5545,0.001,0.98,50,77,0,0,0,0,0,0,0,0,0,2,28,0,2,10,32,1,2,25,36,0,0,4,38,0,0,-2723,434.7977294921875,54,0,23,54,0,0,0
263,True,reg_10,request_scratch,cau100_afr0_asi0_10,regional_10,50,150,912,70,0,1,0.01,0.5545,0.001,0.98,50,76,70,8,30,1,5,4,22,0,0,4,29,2,3,4,29,2,3,25,60,1,5,4,55,0,0,-4052,408.2322692871094,50,0,1552,50,0,0,0
264,True,reg_10,request_scratch,cau100_afr0_asi0_10,regional_10,50,150,912,70,0,1,0.01,0.5545,0.001,0.98,50,35,0,0,0,0,0,0,0,0,0,2,13,0,0,2,16,0,2,19,49,0,0,0,42,0,0,-1261,503.3933410644531,25,1,0,26,0,0,0
265,True,reg_10,request_scratch,cau100_afr0_asi0_10,regional_10,50,150,912,70,0,1,0.01,0.5545,0.001,0.98,50,33,50,5,14,0,4,6,20,0,1,6,12,0,3,0,10,0,2,20,59,0,4,6,60,0,1,-2162,652.2181396484375,19,0,1212,19,0,0,0
266,True,reg_10,request_scratch,cau100_afr0_asi0_10,regional_10,50,150,912,70,0,1,0.01,0.5545,0.001,0.98,50,59,6,1,2,0,1,0,2,0,0,2,16,0,11,6,22,0,2,14,46,0,1,3,44,0,0,-2011,574.2044677734375,40,1,0,41,0,0,0
267,True,reg_10,request_scratch,cau100_afr0_asi0_10,regional_10,50,150,912,70,0,1,0.01,0.5545,0.001,0.98,50,97,56,9,21,2,3,1,20,0,0,11,34,2,5,6,31,1,7,18,64,2,3,2,56,0,0,-6384,464.56500244140625,64,3,3151,67,0,0,0
268,True,reg_10,request_scratch,cau100_afr0_asi0_10,regional_10,50,150,912,70,0,1,0.01,0.5545,0.001,0.98,50,43,11,1,4,0,2,2,2,0,0,2,9,0,5,6,21,0,0,11,41,0,2,2,44,0,0,-1450,469.7252197265625,29,0,0,29,0,0,0
269,True,reg_10,request_scratch,cau100_afr0_asi0_10,regional_10,50,150,912,70,0,1,0.01,0.5545,0.001,0.98,50,52,57,6,22,0,4,4,20,1,0,0,26,3,2,5,13,0,3,12,60,0,4,4,62,1,0,-3229,392.88372802734375,36,1,1418,37,0,0,0
270,True,reg_10,request_scratch,cau100_afr0_asi0_10,regional_10,50,150,912,70,0,1,0.01,0.5545,0.001,0.98,50,54,0,0,0,0,0,0,0,0,0,6,18,0,14,5,11,0,0,11,49,0,0,0,44,0,0,-2039,456.7204895019531,40,0,39,40,0,0,0
271,True,reg_10,request_scratch,cau100_afr0_asi0_10,regional_10,50,150,912,70,0,1,0.01,0.5545,0.001,0.98,50,60,60,5,32,0,4,3,16,0,0,5,24,0,6,0,23,0,2,8,78,0,4,3,57,0,0,-4264,470.8932189941406,43,0,2114,43,0,0,0
272,True,reg_10,request_scratch,cau100_afr0_asi0_10,regional_10,50,150,912,70,0,1,0.01,0.5545,0.001,0.98,50,54,0,0,0,0,0,0,0,0,0,10,25,0,2,7,8,2,0,4,58,0,0,0,38,0,0,-2346,369.8931884765625,43,1,185,44,0,0,0
273,True,reg_10,request_scratch,cau100_afr0_asi0_10,regional_10,50,150,912,70,0,1,0.01,0.5545,0.001,0.98,50,67,61,7,23,1,4,4,22,0,0,8,25,0,2,10,20,0,2,7,77,1,4,4,57,0,0,-4459,447.2797546386719,43,2,2287,45,0,0,0
274,True,reg_10,request_scratch,cau100_afr0_asi0_10,regional_10,50,150,912,70,0,1,0.01,0.5545,0.001,0.98,50,53,2,0,0,0,0,0,1,0,1,3,22,1,4,2,21,0,0,5,55,0,0,0,39,0,1,-1761,406.1081848144531,35,1,0,36,0,0,0
275,True,reg_10,request_scratch,cau100_afr0_asi0_10,regional_10,50,150,912,70,0,1,0.01,0.5545,0.001,0.98,50,48,67,11,22,1,5,4,23,0,1,5,21,0,3,4,13,0,2,11,74,1,5,4,53,0,1,-2917,447.7351379394531,27,1,1556,28,0,0,0
276,True,reg_10,request_scratch,cau100_afr0_asi0_10,regional_10,50,150,912,70,0,1,0.01,0.5545,0.001,0.98,50,29,0,0,0,0,0,0,0,0,0,3,7,0,2,0,17,0,0,8,45,0,0,0,46,0,0,-800,465.6689758300781,16,0,0,16,0,0,0
277,True,reg_10,request_scratch,cau100_afr0_asi0_10,regional_10,50,150,912,70,0,1,0.01,0.5545,0.001,0.98,50,20,64,12,21,2,3,3,23,0,0,0,5,0,3,2,10,0,0,19,62,2,3,3,61,0,0,-1264,268.9612121582031,13,0,614,13,0,0,0
278,True,reg_10,request_scratch,cau100_afr0_asi0_10,regional_10,50,150,912,70,0,1,0.01,0.5545,0.001,0.98,50,5,0,0,0,0,0,0,0,0,0,0,1,0,2,2,0,0,0,19,43,2,0,3,47,0,0,-255,413.4586486816406,5,0,5,5,0,0,0
279,True,reg_10,request_scratch,cau100_afr0_asi0_10,regional_10,50,150,912,70,0,1,0.01,0.5545,0.001,0.98,50,23,37,6,10,0,1,4,14,1,1,2,12,0,2,0,4,0,3,25,53,2,1,7,60,1,1,-1713,422.85479736328125,11,1,1152,12,0,0,0
280,True,reg_10,request_scratch,cau100_afr0_asi0_10,regional_10,50,150,912,70,0,1,0.01,0.5545,0.001,0.98,50,43,24,3,8,0,2,3,8,0,0,6,15,0,4,0,16,0,2,21,39,0,2,7,45,0,1,-1400,358.1876525878906,28,0,0,28,0,0,0
281,True,reg_10,request_scratch,cau100_afr0_asi0_10,regional_10,50,150,912,70,0,1,0.01,0.5545,0.001,0.98,50,62,28,4,11,0,2,2,9,0,0,8,27,0,5,0,22,0,0,23,46,0,2,6,51,0,0,-4498,316.8592224121094,40,0,2498,40,0,0,0
282,True,reg_10,request_scratch,cau100_afr0_asi0_10,regional_10,50,150,912,70,0,1,0.01,0.5545,0.001,0.98,50,25,49,4,16,2,5,4,16,0,2,1,14,0,1,2,7,0,0,17,45,2,5,6,47,0,2,-661,528.8589477539062,13,1,0,14,0,0,0
283,True,reg_10,request_scratch,cau100_afr0_asi0_10,regional_10,50,150,912,70,0,1,0.01,0.5545,0.001,0.98,50,66,0,0,0,0,0,0,0,0,0,9,20,1,3,2,31,0,0,14,45,1,0,5,45,0,2,-3388,410.2256164550781,44,2,1166,46,0,0,0
284,True,reg_10,request_scratch,cau100_afr0_asi0_10,regional_10,50,150,912,70,0,1,0.01,0.5545,0.001,0.98,50,38,73,18,19,3,4,6,21,0,2,2,18,2,0,1,13,0,2,27,54,3,4,6,54,0,2,-1847,306.9226989746094,25,0,597,25,0,0,0
285,True,reg_10,request_scratch,cau100_afr0_asi0_10,regional_10,50,150,912,70,0,1,0.01,0.5545,0.001,0.98,50,20,0,0,0,0,0,0,0,0,0,0,8,0,3,1,7,1,0,26,46,0,0,5,46,0,0,-1263,356.24664306640625,16,1,452,17,0,0,0
286,True,reg_10,request_scratch,cau100_afr0_asi0_10,regional_10,50,150,912,70,0,1,0.01,0.5545,0.001,0.98,50,36,52,14,14,1,0,6,17,0,0,6,10,0,3,8,9,0,0,36,49,1,0,10,54,0,0,-2464,359.4671325683594,26,1,1153,27,0,0,0
287,True,reg_10,request_scratch,cau100_afr0_asi0_10,regional_10,50,150,912,70,0,1,0.01,0.5545,0.001,0.98,50,71,0,0,0,0,0,0,0,0,0,5,33,0,0,2,29,0,2,32,33,0,0,8,38,0,0,-2550,554.3281860351562,51,0,0,51,0,0,0
288,True,reg_10,request_scratch,cau100_afr0_asi0_10,regional_10,50,150,912,70,0,1,0.01,0.5545,0.001,0.98,50,64,59,9,20,1,2,5,21,0,1,5,27,0,0,3,27,2,0,36,47,1,2,10,53,0,1,-4626,438.35638427734375,46,0,2326,46,0,0,0
289,True,reg_10,request_scratch,cau100_afr0_asi0_10,regional_10,50,150,912,70,0,1,0.01,0.5545,0.001,0.98,50,28,0,0,0,0,0,0,0,0,0,2,12,1,2,0,9,0,2,23,34,0,0,4,38,0,0,-900,458.4236755371094,18,0,0,18,0,0,0
290,True,reg_10,request_scratch,cau100_afr0_asi0_10,regional_10,50,150,912,70,0,1,0.01,0.5545,0.001,0.98,50,40,61,8,23,0,7,2,21,0,0,3,16,0,5,2,14,0,0,28,56,0,7,2,57,0,0,-2213,410.89666748046875,18,0,1313,18,0,0,0
291,True,reg_10,request_scratch,cau100_afr0_asi0_10,regional_10,50,150,912,70,0,1,0.01,0.5545,0.001,0.98,50,37,0,0,0,0,0,0,0,0,0,1,11,0,6,2,17,0,0,17,43,0,0,0,42,0,0,-1400,617.6646118164062,28,0,0,28,0,0,0
292,True,reg_10,request_scratch,cau100_afr0_asi0_10,regional_10,50,150,912,70,0,1,0.01,0.5545,0.001,0.98,50,15,57,8,17,2,4,3,23,0,0,0,4,0,2,0,9,0,0,22,57,2,4,3,62,0,0,-761,626.2373046875,3,3,578,6,0,0,0
293,True,reg_10,request_scratch,cau100_afr0_asi0_10,regional_10,50,150,912,70,0,1,0.01,0.5545,0.001,0.98,50,30,0,0,0,0,0,0,0,0,0,3,12,0,0,6,9,0,0,16,40,0,0,2,44,0,0,-1211,373.3558654785156,24,1,0,25,0,0,0
294,True,reg_10,request_scratch,cau100_afr0_asi0_10,regional_10,50,150,912,70,0,1,0.01,0.5545,0.001,0.98,50,37,54,8,18,4,1,5,14,1,3,1,19,0,2,2,13,0,0,22,57,4,1,5,57,1,3,-2627,393.2598876953125,20,3,1594,23,0,0,0
295,True,reg_10,request_scratch,cau100_afr0_asi0_10,regional_10,50,150,912,70,0,1,0.01,0.5545,0.001,0.98,50,53,10,1,1,0,0,1,7,0,0,3,15,2,4,4,25,0,0,17,36,3,0,4,44,0,0,-1833,592.5706176757812,36,3,0,39,0,0,0
296,True,reg_10,request_scratch,cau100_afr0_asi0_10,regional_10,50,150,912,70,0,1,0.01,0.5545,0.001,0.98,50,56,54,10,21,0,3,3,15,0,2,2,22,0,4,3,24,1,0,25,53,0,3,3,55,0,2,-3627,447.6890563964844,37,0,1777,37,0,0,0
297,True,reg_10,request_scratch,cau100_afr0_asi0_10,regional_10,50,150,912,70,0,1,0.01,0.5545,0.001,0.98,50,42,4,1,2,0,0,0,1,0,0,5,13,0,1,8,15,0,0,19,42,0,0,3,37,0,0,-1372,453.3766784667969,27,2,0,29,0,0,0
298,True,reg_10,request_scratch,cau100_afr0_asi0_10,regional_10,50,150,912,70,0,1,0.01,0.5545,0.001,0.98,50,40,60,12,19,2,3,7,16,1,0,4,12,2,4,1,16,1,0,27,58,2,3,8,47,1,0,-2016,451.9457702636719,21,1,955,22,0,0,0
299,True,reg_10,request_scratch,cau100_afr0_asi0_10,regional_10,50,150,912,70,0,1,0.01,0.5545,0.001,0.98,50,50,0,0,0,0,0,0,0,0,0,4,13,2,5,9,13,2,2,23,43,0,0,1,39,0,0,-2560,474.37640380859375,44,0,360,44,0,0,0
300,True,reg_10,request_scratch,cau100_afr0_asi0_10,regional_10,50,150,912,70,0,1,0.01,0.5545,0.001,0.98,50,29,55,7,18,1,2,3,24,0,0,4,7,0,4,2,10,0,2,28,60,1,2,3,56,0,0,-2319,541.725830078125,22,0,1219,22,0,0,0
301,True,reg_10,request_scratch,cau100_afr0_asi0_10,regional_10,50,150,912,70,0,1,0.01,0.5545,0.001,0.98,50,51,0,0,0,0,0,0,0,0,0,3,21,2,2,1,22,0,0,20,39,1,0,2,41,0,0,-2059,550.1254272460938,39,1,98,40,0,0,0
302,True,reg_10,request_scratch,cau100_afr0_asi0_10,regional_10,50,150,912,70,0,1,0.01,0.5545,0.001,0.98,50,85,60,10,26,2,2,1,17,0,2,11,22,0,11,6,33,2,0,29,61,2,2,2,52,0,2,-5792,540.658203125,60,1,2781,61,0,0,0
303,True,reg_10,request_scratch,cau100_afr0_asi0_10,regional_10,50,150,912,70,0,1,0.01,0.5545,0.001,0.98,50,87,0,0,0,0,0,0,0,0,0,4,44,0,10,12,15,0,2,17,44,0,0,0,41,0,0,-3472,371.6377258300781,69,2,0,71,0,0,0
304,True,reg_10,request_scratch,cau100_afr0_asi0_10,regional_10,50,150,912,70,0,1,0.01,0.5545,0.001,0.98,50,104,66,9,22,0,6,3,24,0,2,13,20,0,14,7,47,2,1,18,62,0,6,3,59,0,2,-5639,558.7511596679688,66,2,2317,68,0,0,0
305,True,reg_10,request_scratch,cau100_afr0_asi0_10,regional_10,50,150,912,70,0,1,0.01,0.5545,0.001,0.98,50,65,0,0,0,0,0,0,0,0,0,3,24,2,8,11,14,1,2,10,48,0,0,0,41,0,0,-2811,499.3370666503906,56,1,0,57,0,0,0
306,True,reg_10,request_scratch,cau100_afr0_asi0_10,regional_10,50,150,912,70,0,1,0.01,0.5545,0.001,0.98,50,24,60,10,24,0,2,6,18,0,0,1,9,0,1,2,11,0,0,15,71,0,2,6,56,0,0,-1793,400.7576599121094,18,0,893,18,0,0,0
307,True,reg_10,request_scratch,cau100_afr0_asi0_10,regional_10,50,150,912,70,0,1,0.01,0.5545,0.001,0.98,50,7,0,0,0,0,0,0,0,0,0,0,0,0,0,0,7,0,0,15,46,0,0,5,42,0,0,-300,415.6065979003906,6,0,0,6,0,0,0
308,True,reg_10,request_scratch,cau100_afr0_asi0_10,regional_10,50,150,912,70,0,1,0.01,0.5545,0.001,0.98,50,24,43,8,12,0,4,3,16,0,0,3,4,0,4,1,12,0,0,23,58,0,4,8,57,0,0,-1837,537.919677734375,14,0,1137,14,0,0,0
309,True,reg_10,request_scratch,cau100_afr0_asi0_10,regional_10,50,150,912,70,0,1,0.01,0.5545,0.001,0.98,50,44,17,4,5,0,0,3,5,0,0,4,19,0,7,4,10,0,0,22,41,0,0,9,39,0,0,-1711,536.6364135742188,34,1,0,35,0,0,0
310,True,reg_10,request_scratch,cau100_afr0_asi0_10,regional_10,50,150,912,70,0,1,0.01,0.5545,0.001,0.98,50,67,32,5,10,0,2,3,12,0,0,5,29,2,4,3,24,0,0,26,46,0,2,12,47,0,0,-5001,451.2115173339844,49,0,2551,49,0,0,0
311,True,reg_10,request_scratch,cau100_afr0_asi0_10,regional_10,50,150,912,70,0,1,0.01,0.5545,0.001,0.98,50,87,36,8,10,0,1,2,14,0,1,9,33,6,6,9,20,4,0,25,37,0,1,9,47,0,1,-2805,339.9092102050781,55,5,0,60,0,0,0
312,True,reg_10,request_scratch,cau100_afr0_asi0_10,regional_10,50,150,912,70,0,1,0.01,0.5545,0.001,0.98,50,60,28,3,14,2,1,1,6,0,1,6,18,0,7,4,25,0,0,19,46,2,1,3,44,0,1,-2500,432.3636474609375,39,0,550,39,0,0,0
313,True,reg_10,request_scratch,cau100_afr0_asi0_10,regional_10,50,150,912,70,0,1,0.01,0.5545,0.001,0.98,50,12,36,8,11,1,0,4,10,1,1,0,6,0,0,0,6,0,0,23,50,1,0,4,47,1,1,-445,376.49810791015625,6,3,112,9,0,0,0
314,True,reg_10,request_scratch,cau100_afr0_asi0_10,regional_10,50,150,912,70,0,1,0.01,0.5545,0.001,0.98,50,23,7,0,4,0,1,0,2,0,0,0,6,0,0,2,15,0,0,23,49,0,1,2,44,0,0,-1221,496.59320068359375,14,0,521,14,0,0,0
315,True,reg_10,request_scratch,cau100_afr0_asi0_10,regional_10,50,150,912,70,0,1,0.01,0.5545,0.001,0.98,50,39,52,7,15,2,5,3,19,0,1,4,7,0,3,2,22,0,1,26,54,2,5,5,51,0,1,-2374,483.14794921875,25,2,1102,27,0,0,0
316,True,reg_10,request_scratch,cau100_afr0_asi0_10,regional_10,50,150,912,70,0,1,0.01,0.5545,0.001,0.98,50,68,2,0,2,0,0,0,0,0,0,2,20,0,3,9,25,0,9,18,46,0,0,5,37,0,0,-3700,512.5570678710938,50,1,1189,51,0,0,0
317,True,reg_10,request_scratch,cau100_afr0_asi0_10,regional_10,50,150,912,70,0,1,0.01,0.5545,0.001,0.98,50,74,71,10,19,0,5,7,29,1,0,9,31,0,4,7,22,0,1,24,51,0,5,7,60,1,0,-3570,365.78131103515625,46,1,1259,47,0,0,0
318,True,reg_10,request_scratch,cau100_afr0_asi0_10,regional_10,50,150,912,70,0,1,0.01,0.5545,0.001,0.98,50,59,0,0,0,0,0,0,0,0,0,7,20,3,2,4,23,0,0,17,40,0,0,4,50,0,0,-2333,517.5261840820312,43,2,161,45,0,0,0
319,True,reg_10,request_scratch,cau100_afr0_asi0_10,regional_10,50,150,912,70,0,1,0.01,0.5545,0.001,0.98,50,55,55,6,22,0,7,3,16,0,1,5,20,0,4,4,18,2,2,18,57,0,7,4,63,0,1,-3229,555.8656616210938,32,2,1607,34,0,0,0
320,True,reg_10,request_scratch,cau100_afr0_asi0_10,regional_10,50,150,912,70,0,1,0.01,0.5545,0.001,0.98,50,29,3,0,2,0,0,0,1,0,0,1,20,2,1,0,3,0,2,15,45,0,0,0,46,0,0,-1258,445.6844482421875,24,0,58,24,0,0,0
321,True,reg_10,request_scratch,cau100_afr0_asi0_10,regional_10,50,150,912,70,0,1,0.01,0.5545,0.001,0.98,50,13,48,6,19,1,2,3,16,0,1,2,4,0,0,0,7,0,0,19,62,1,2,3,59,0,1,-966,383.8517150878906,6,1,655,7,0,0,0
322,True,reg_10,request_scratch,cau100_afr0_asi0_10,regional_10,50,150,912,70,0,1,0.01,0.5545,0.001,0.98,50,27,15,4,4,0,0,1,6,0,0,1,6,2,2,0,15,0,1,16,47,0,0,3,39,0,1,-1022,544.7483520507812,20,2,0,22,0,0,0
323,True,reg_10,request_scratch,cau100_afr0_asi0_10,regional_10,50,150,912,70,0,1,0.01,0.5545,0.001,0.98,50,60,36,7,13,2,2,2,10,0,0,5,28,2,0,0,16,0,9,20,59,2,2,4,48,0,0,-3854,421.93780517578125,39,0,1904,39,0,0,0
324,True,reg_10,request_scratch,cau100_afr0_asi0_10,regional_10,50,150,912,70,0,1,0.01,0.5545,0.001,0.98,50,44,29,6,11,2,2,4,4,0,0,3,14,0,4,4,17,0,2,22,49,2,2,6,37,0,0,-1507,391.4691467285156,29,2,35,31,0,0,0
325,True,reg_10,request_scratch,cau100_afr0_asi0_10,regional_10,50,150,912,70,0,1,0.01,0.5545,0.001,0.98,50,58,23,4,11,0,0,1,7,0,0,3,26,2,8,1,17,0,1,23,58,0,0,4,41,0,0,-4044,502.03704833984375,45,1,1783,46,0,0,0
326,True,reg_10,request_scratch,cau100_afr0_asi0_10,regional_10,50,150,912,70,0,1,0.01,0.5545,0.001,0.98,50,39,42,7,17,0,1,2,13,0,2,1,15,0,4,1,16,0,2,27,56,0,1,2,40,0,2,-1792,485.8130798339844,28,0,392,28,0,0,0
327,True,reg_10,request_scratch,cau100_afr0_asi0_10,regional_10,50,150,912,70,0,1,0.01,0.5545,0.001,0.98,50,19,0,0,0,0,0,0,0,0,0,0,7,0,1,1,9,0,1,23,52,0,0,2,34,0,0,-1203,497.9543762207031,14,0,503,14,0,0,0
328,True,reg_10,request_scratch,cau100_afr0_asi0_10,regional_10,50,150,912,70,0,1,0.01,0.5545,0.001,0.98,50,26,69,15,26,0,6,3,18,1,0,2,7,2,2,4,9,0,0,32,65,0,6,4,42,1,0,-1088,459.693359375,12,2,466,14,0,0,0
329,True,reg_10,request_scratch,cau100_afr0_asi0_10,regional_10,50,150,912,70,0,1,0.01,0.5545,0.001,0.98,50,41,0,0,0,0,0,0,0,0,0,0,13,5,7,1,15,0,0,26,54,0,0,3,38,0,0,-2015,404.2189636230469,28,1,604,29,0,0,0
330,True,reg_10,request_scratch,cau100_afr0_asi0_10,regional_10,50,150,912,70,0,1,0.01,0.5545,0.001,0.98,50,48,53,5,17,1,4,2,23,0,1,3,19,2,2,1,21,0,0,27,60,1,4,3,54,0,1,-2875,564.0648193359375,29,2,1403,31,0,0,0
331,True,reg_10,request_scratch,cau100_afr0_asi0_10,regional_10,50,150,912,70,0,1,0.01,0.5545,0.001,0.98,50,60,0,0,0,0,0,0,0,0,0,6,11,0,5,2,33,0,3,20,43,0,0,1,41,0,1,-2111,337.17205810546875,42,1,0,43,0,0,0
332,True,reg_10,request_scratch,cau100_afr0_asi0_10,regional_10,50,150,912,70,0,1,0.01,0.5545,0.001,0.98,50,50,62,8,24,0,5,4,20,0,1,5,26,0,10,1,8,0,0,22,64,0,5,4,54,0,1,-3668,585.1251220703125,33,0,2018,33,0,0,0
333,True,reg_10,request_scratch,cau100_afr0_asi0_10,regional_10,50,150,912,70,0,1,0.01,0.5545,0.001,0.98,50,40,1,1,0,0,0,0,0,0,0,4,9,0,6,3,18,0,0,14,41,0,0,0,43,0,0,-1700,459.9476318359375,34,0,0,34,0,0,0
334,True,reg_10,request_scratch,cau100_afr0_asi0_10,regional_10,50,150,912,70,0,1,0.01,0.5545,0.001,0.98,50,18,57,7,23,1,2,3,19,1,1,0,5,0,3,2,7,0,1,18,63,1,2,3,60,1,1,-1006,337.08843994140625,7,2,634,9,0,0,0
335,True,reg_10,request_scratch,cau100_afr0_asi0_10,regional_10,50,150,912,70,0,1,0.01,0.5545,0.001,0.98,50,27,0,0,0,0,0,0,0,0,0,0,11,0,3,2,10,0,1,15,47,1,0,2,39,0,0,-950,448.3135070800781,19,0,0,19,0,0,0
336,True,reg_10,request_scratch,cau100_afr0_asi0_10,regional_10,50,150,912,70,0,1,0.01,0.5545,0.001,0.98,50,37,54,7,21,2,5,4,15,0,0,1,12,2,5,1,14,0,2,22,64,2,5,4,53,0,0,-2835,463.02496337890625,24,1,1624,25,0,0,0
337,True,reg_10,request_scratch,cau100_afr0_asi0_10,regional_10,50,150,912,70,0,1,0.01,0.5545,0.001,0.98,50,71,12,1,4,1,0,0,6,0,0,10,21,0,8,4,27,0,1,16,48,1,0,1,40,0,0,-2900,410.8058166503906,58,0,0,58,0,0,0
338,True,reg_10,request_scratch,cau100_afr0_asi0_10,regional_10,50,150,912,70,0,1,0.01,0.5545,0.001,0.98,50,41,46,9,13,1,4,4,15,0,0,6,10,0,1,2,21,0,1,20,59,1,4,4,51,0,0,-2382,328.4426574707031,21,1,1321,22,0,0,0
339,True,reg_10,request_scratch,cau100_afr0_asi0_10,regional_10,50,150,912,70,0,1,0.01,0.5545,0.001,0.98,50,56,19,4,7,1,0,1,6,0,0,5,15,0,9,4,21,0,2,20,45,2,0,2,42,0,0,-1872,599.943603515625,37,2,0,39,0,0,0
340,True,reg_10,request_scratch,cau100_afr0_asi0_10,regional_10,50,150,912,70,0,1,0.01,0.5545,0.001,0.98,50,30,40,8,14,0,5,2,11,0,0,0,3,0,0,5,19,1,2,20,55,0,5,3,49,0,0,-1899,414.14007568359375,21,3,816,24,0,0,0
341,True,reg_10,request_scratch,cau100_afr0_asi0_10,regional_10,50,150,912,70,0,1,0.01,0.5545,0.001,0.98,50,24,19,3,11,0,1,0,4,0,0,2,13,0,1,1,7,0,0,23,49,0,1,1,42,0,0,-972,421.37451171875,16,1,161,17,0,0,0
342,True,reg_10,request_scratch,cau100_afr0_asi0_10,regional_10,50,150,912,70,0,1,0.01,0.5545,0.001,0.98,50,24,30,8,11,0,3,2,6,0,0,0,6,0,4,2,10,0,2,31,54,0,3,2,42,0,0,-1571,473.5982971191406,16,0,771,16,0,0,0
343,True,reg_10,request_scratch,cau100_afr0_asi0_10,regional_10,50,150,912,70,0,1,0.01,0.5545,0.001,0.98,50,23,32,4,9,1,2,2,12,0,2,0,6,0,2,0,13,1,1,27,52,1,2,2,39,0,2,-1114,373.82159423828125,15,0,364,15,0,0,0
344,True,reg_10,request_scratch,cau100_afr0_asi0_10,regional_10,50,150,912,70,0,1,0.01,0.5545,0.001,0.98,50,64,22,5,6,0,1,1,9,0,0,3,23,2,12,6,16,2,0,28,51,0,1,2,42,0,0,-4149,525.6686401367188,49,1,1688,50,0,0,0
345,True,reg_10,request_scratch,cau100_afr0_asi0_10,regional_10,50,150,912,70,0,1,0.01,0.5545,0.001,0.98,50,64,42,2,22,2,4,2,10,0,0,4,26,0,1,9,24,0,0,22,59,2,4,2,41,0,0,-2771,460.4249267578125,41,2,699,43,0,0,0
346,True,reg_10,request_scratch,cau100_afr0_asi0_10,regional_10,50,150,912,70,0,1,0.01,0.5545,0.001,0.98,50,76,17,4,5,0,1,1,6,0,0,7,37,0,3,2,24,0,3,22,53,0,1,1,39,0,0,-3937,384.36859130859375,56,0,1137,56,0,0,0
347,True,reg_10,request_scratch,cau100_afr0_asi0_10,regional_10,50,150,912,70,0,1,0.01,0.5545,0.001,0.98,50,69,48,11,20,0,1,5,11,0,0,5,29,0,5,8,21,0,1,26,62,0,1,5,41,0,0,-3159,441.1361999511719,48,1,748,49,0,0,0
348,True,reg_10,request_scratch,cau100_afr0_asi0_10,regional_10,50,150,912,70,0,1,0.01,0.5545,0.001,0.98,50,26,0,0,0,0,0,0,0,0,0,2,9,0,0,1,14,0,0,22,53,0,0,1,33,0,0,-1241,541.8329467773438,18,0,341,18,0,0,0
349,True,reg_10,request_scratch,cau100_afr0_asi0_10,regional_10,50,150,912,70,0,1,0.01,0.5545,0.001,0.98,50,42,59,12,21,2,2,4,18,0,0,5,14,0,3,0,18,1,1,29,68,2,2,4,45,0,0,-2561,454.52728271484375,26,1,1250,27,0,0,0
350,True,reg_10,request_scratch,cau100_afr0_asi0_10,regional_10,50,150,912,70,0,1,0.01,0.5545,0.001,0.98,50,36,0,0,0,0,0,0,0,0,0,1,13,0,1,4,17,0,0,26,46,1,0,0,35,0,0,-1600,570.7845458984375,26,1,289,27,0,0,0
351,True,reg_10,request_scratch,cau100_afr0_asi0_10,regional_10,50,150,912,70,0,1,0.01,0.5545,0.001,0.98,50,70,56,5,18,2,3,4,24,0,0,3,34,1,4,3,25,0,0,28,59,3,3,4,53,0,0,-4925,559.8358764648438,49,0,2475,49,0,0,0
352,True,reg_10,request_scratch,cau100_afr0_asi0_10,regional_10,50,150,912,70,0,1,0.01,0.5545,0.001,0.98,50,55,1,0,0,0,1,0,0,0,0,6,16,0,3,5,22,0,3,17,39,0,1,2,42,0,0,-2211,476.3171691894531,44,1,0,45,0,0,0
353,True,reg_10,request_scratch,cau100_afr0_asi0_10,regional_10,50,150,912,70,0,1,0.01,0.5545,0.001,0.98,50,50,60,9,25,1,4,3,17,1,0,1,15,0,12,2,15,0,5,23,62,1,4,3,56,1,0,-3641,567.9671630859375,34,0,1941,34,0,0,0
354,True,reg_10,request_scratch,cau100_afr0_asi0_10,regional_10,50,150,912,70,0,1,0.01,0.5545,0.001,0.98,50,23,1,1,0,0,0,0,0,0,0,0,7,0,4,3,7,0,2,15,43,0,0,0,41,0,0,-850,476.4588623046875,17,0,0,17,0,0,0
355,True,reg_10,request_scratch,cau100_afr0_asi0_10,regional_10,50,150,912,70,0,1,0.01,0.5545,0.001,0.98,50,12,56,8,20,1,5,5,15,1,1,0,6,0,0,0,6,0,0,20,63,1,5,5,53,1,1,-616,466.99273681640625,2,3,483,5,0,0,0
356,True,reg_10,request_scratch,cau100_afr0_asi0_10,regional_10,50,150,912,70,0,1,0.01,0.5545,0.001,0.98,50,17,2,1,1,0,0,0,0,0,0,0,6,0,4,0,7,0,0,19,46,0,0,5,32,0,0,-600,362.9781799316406,12,0,0,12,0,0,0
357,True,reg_10,request_scratch,cau100_afr0_asi0_10,regional_10,50,150,912,70,0,1,0.01,0.5545,0.001,0.98,50,32,51,6,21,3,4,4,11,0,2,0,16,0,0,3,13,0,0,23,67,3,4,7,42,0,2,-2175,692.5473022460938,14,1,1464,15,0,0,0
358,True,reg_10,request_scratch,cau100_afr0_asi0_10,regional_10,50,150,912,70,0,1,0.01,0.5545,0.001,0.98,50,28,22,4,8,1,1,1,6,1,0,0,6,3,0,3,13,1,2,20,50,1,1,4,32,1,0,-985,429.47357177734375,19,1,24,20,0,0,0
359,True,reg_10,request_scratch,cau100_afr0_asi0_10,regional_10,50,150,912,70,0,1,0.01,0.5545,0.001,0.98,50,50,31,6,8,1,5,0,9,0,2,4,18,1,0,2,25,0,0,25,56,1,5,2,40,0,2,-3306,551.0479125976562,31,2,1734,33,0,0,0
360,True,reg_10,request_scratch,cau100_afr0_asi0_10,regional_10,50,150,912,70,0,1,0.01,0.5545,0.001,0.98,50,58,46,4,15,2,4,6,15,0,0,8,17,0,6,1,22,2,2,21,53,2,4,6,41,0,0,-1964,521.1281127929688,39,0,14,39,0,0,0
361,True,reg_10,request_scratch,cau100_afr0_asi0_10,regional_10,50,150,912,70,0,1,0.01,0.5545,0.001,0.98,50,65,6,1,0,0,1,1,3,0,0,2,18,0,4,9,23,2,7,19,50,0,1,3,41,0,0,-4095,522.323974609375,49,2,1623,51,0,0,0
362,True,reg_10,request_scratch,cau100_afr0_asi0_10,regional_10,50,150,912,70,0,1,0.01,0.5545,0.001,0.98,50,15,68,11,20,1,5,5,24,0,2,3,8,0,0,2,2,0,0,25,51,1,5,5,57,0,2,-264,484.49896240234375,1,2,192,3,0,0,0
363,True,reg_10,request_scratch,cau100_afr0_asi0_10,regional_10,50,150,912,70,0,1,0.01,0.5545,0.001,0.98,50,54,0,0,0,0,0,0,0,0,0,1,12,0,6,3,27,2,3,22,43,1,0,5,51,0,0,-2908,417.49627685546875,38,0,1008,38,0,0,0
364,True,reg_10,request_scratch,cau100_afr0_asi0_10,regional_10,50,150,912,70,0,1,0.01,0.5545,0.001,0.98,50,43,56,9,18,2,5,6,15,0,1,2,20,0,5,0,13,2,1,25,53,2,5,7,57,0,1,-2386,450.5858154296875,23,0,1236,23,0,0,0
365,True,reg_10,request_scratch,cau100_afr0_asi0_10,regional_10,50,150,912,70,0,1,0.01,0.5545,0.001,0.98,50,81,0,0,0,0,0,0,0,0,0,4,29,3,9,4,30,0,2,21,38,0,0,6,42,0,0,-3305,644.746826171875,61,1,244,62,0,0,0
366,True,reg_10,request_scratch,cau100_afr0_asi0_10,regional_10,50,150,912,70,0,1,0.01,0.5545,0.001,0.98,50,52,65,9,23,1,2,5,23,0,2,10,15,0,1,9,16,1,0,25,53,1,2,5,62,0,2,-3459,523.8955078125,30,4,1915,34,0,0,0
367,True,reg_10,request_scratch,cau100_afr0_asi0_10,regional_10,50,150,912,70,0,1,0.01,0.5545,0.001,0.98,50,45,0,0,0,0,0,0,0,0,0,3,13,0,7,4,16,0,2,18,41,0,0,0,38,0,0,-1950,447.34027099609375,39,0,0,39,0,0,0
368,True,reg_10,request_scratch,cau100_afr0_asi0_10,regional_10,50,150,912,70,0,1,0.01,0.5545,0.001,0.98,50,56,59,5,20,1,4,4,21,2,2,3,21,0,2,3,23,0,4,21,58,1,4,4,58,2,2,-3422,440.1570129394531,34,2,1700,36,0,0,0
369,True,reg_10,request_scratch,cau100_afr0_asi0_10,regional_10,50,150,912,70,0,1,0.01,0.5545,0.001,0.98,50,24,0,0,0,0,0,0,0,0,0,5,8,2,2,0,5,2,0,14,43,0,0,2,44,0,0,-850,542.9077758789062,17,0,0,17,0,0,0
370,True,reg_10,request_scratch,cau100_afr0_asi0_10,regional_10,50,150,912,70,0,1,0.01,0.5545,0.001,0.98,50,30,54,2,25,2,2,3,19,1,0,4,6,2,2,0,14,0,2,14,67,2,2,3,61,1,0,-2422,443.7184143066406,21,0,1372,21,0,0,0
371,True,reg_10,request_scratch,cau100_afr0_asi0_10,regional_10,50,150,912,70,0,1,0.01,0.5545,0.001,0.98,50,42,4,0,2,0,0,2,0,0,0,6,17,0,6,0,10,0,3,7,47,2,0,4,40,0,0,-1150,548.4421997070312,23,0,0,23,0,0,0
372,True,reg_10,request_scratch,cau100_afr0_asi0_10,regional_10,50,150,912,70,0,1,0.01,0.5545,0.001,0.98,50,45,67,7,25,1,2,7,25,0,0,1,22,0,5,4,8,2,3,9,69,1,2,7,60,0,0,-2998,431.52490234375,33,1,1337,34,0,0,0
373,True,reg_10,request_scratch,cau100_afr0_asi0_10,regional_10,50,150,912,70,0,1,0.01,0.5545,0.001,0.98,50,54,0,0,0,0,0,0,0,0,0,10,13,0,1,5,19,4,2,6,52,0,0,6,44,0,0,-2011,440.7884216308594,40,1,0,41,0,0,0
374,True,reg_10,request_scratch,cau100_afr0_asi0_10,regional_10,50,150,912,70,0,1,0.01,0.5545,0.001,0.98,50,70,56,9,19,1,4,4,18,0,1,3,24,0,6,7,25,1,4,14,66,1,4,6,58,0,1,-4581,363.0230407714844,49,0,2131,49,0,0,0
375,True,reg_10,request_scratch,cau100_afr0_asi0_10,regional_10,50,150,912,70,0,1,0.01,0.5545,0.001,0.98,50,47,0,0,0,0,0,0,0,0,0,1,15,0,12,2,17,0,0,7,46,0,0,6,43,0,0,-1535,548.2772216796875,29,1,74,30,0,0,0
376,True,reg_10,request_scratch,cau100_afr0_asi0_10,regional_10,50,150,912,70,0,1,0.01,0.5545,0.001,0.98,50,21,66,4,29,1,5,2,22,0,3,2,3,4,2,4,6,0,0,5,73,1,5,4,59,0,3,-1279,460.7882080078125,7,6,863,13,0,0,0
377,True,reg_10,request_scratch,cau100_afr0_asi0_10,regional_10,50,150,912,70,0,1,0.01,0.5545,0.001,0.98,50,34,0,0,0,0,0,0,0,0,0,7,9,0,0,0,18,0,0,5,48,0,0,3,40,0,0,-1250,407.8151550292969,25,0,0,25,0,0,0
378,True,reg_10,request_scratch,cau100_afr0_asi0_10,regional_10,50,150,912,70,0,1,0.01,0.5545,0.001,0.98,50,51,63,12,21,2,5,1,20,1,1,3,25,2,2,6,12,0,1,16,64,2,5,2,59,1,1,-2795,535.0028686523438,29,1,1334,30,0,0,0
379,True,reg_10,request_scratch,cau100_afr0_asi0_10,regional_10,50,150,912,70,0,1,0.01,0.5545,0.001,0.98,50,85,0,0,0,0,0,0,0,0,0,5,36,0,5,3,31,0,5,13,50,1,0,0,42,0,0,-3450,463.94671630859375,69,0,0,69,0,0,0
380,True,reg_10,request_scratch,cau100_afr0_asi0_10,regional_10,50,150,912,70,0,1,0.01,0.5545,0.001,0.98,50,75,60,11,21,1,7,4,16,0,0,10,24,3,8,12,14,0,4,16,66,1,7,4,56,0,0,-5206,520.4382934570312,48,2,2784,50,0,0,0
381,True,reg_10,request_scratch,cau100_afr0_asi0_10,regional_10,50,150,912,70,0,1,0.01,0.5545,0.001,0.98,50,75,12,4,2,1,1,1,3,0,0,5,36,1,6,10,15,2,0,16,44,1,1,1,39,0,0,-3111,240.80984497070312,62,1,0,63,0,0,0
382,True,reg_10,request_scratch,cau100_afr0_asi0_10,regional_10,50,150,912,70,0,1,0.01,0.5545,0.001,0.98,50,63,52,10,21,0,3,4,13,1,0,2,28,2,3,6,19,0,3,22,64,0,3,4,47,1,0,-3989,460.8543701171875,44,0,1789,44,0,0,0
383,True,reg_10,request_scratch,cau100_afr0_asi0_10,regional_10,50,150,912,70,0,1,0.01,0.5545,0.001,0.98,50,28,10,3,4,0,0,0,2,0,1,2,9,0,1,0,16,0,0,23,48,0,0,0,34,0,1,-950,562.2392578125,19,0,0,19,0,0,0
384,True,reg_10,request_scratch,cau100_afr0_asi0_10,regional_10,50,150,912,70,0,1,0.01,0.5545,0.001,0.98,50,13,44,6,16,0,4,3,13,0,2,2,4,0,1,0,6,0,0,27,62,0,4,3,43,0,2,-456,575.2682495117188,1,1,395,2,0,0,0
385,True,reg_10,request_scratch,cau100_afr0_asi0_10,regional_10,50,150,912,70,0,1,0.01,0.5545,0.001,0.98,50,55,8,1,1,0,0,1,5,0,0,5,18,2,2,5,14,4,5,24,44,0,0,4,36,0,2,-2076,505.9689025878906,36,4,232,40,0,0,0
386,True,reg_10,request_scratch,cau100_afr0_asi0_10,regional_10,50,150,912,70,0,1,0.01,0.5545,0.001,0.98,50,74,52,5,29,0,6,1,11,0,0,9,31,0,10,1,19,1,3,25,67,0,6,2,42,0,0,-5252,512.8303833007812,57,0,2402,57,0,0,0
387,True,reg_10,request_scratch,cau100_afr0_asi0_10,regional_10,50,150,912,70,0,1,0.01,0.5545,0.001,0.98,50,82,9,2,3,0,1,1,2,0,0,11,29,0,4,10,24,0,4,17,53,0,1,1,33,0,0,-3562,512.3671264648438,65,1,301,66,0,0,0
388,True,reg_10,request_scratch,cau100_afr0_asi0_10,regional_10,50,150,912,70,0,1,0.01,0.5545,0.001,0.98,50,83,56,9,17,0,3,3,23,1,0,10,22,0,11,4,33,0,3,23,65,0,3,3,48,1,0,-4900,395.7488098144531,62,1,1789,63,0,0,0
389,True,reg_10,request_scratch,cau100_afr0_asi0_10,regional_10,50,150,912,70,0,1,0.01,0.5545,0.001,0.98,50,55,0,0,0,0,0,0,0,0,0,2,20,1,5,2,25,0,0,17,50,0,0,0,41,0,0,-2143,476.2264404296875,40,0,143,40,0,0,0
390,True,reg_10,request_scratch,cau100_afr0_asi0_10,regional_10,50,150,912,70,0,1,0.01,0.5545,0.001,0.98,50,48,57,15,18,0,3,5,16,0,0,6,17,0,11,4,8,0,2,27,64,0,3,5,51,0,0,-3185,400.6539611816406,34,0,1485,34,0,0,0
391,True,reg_10,request_scratch,cau100_afr0_asi0_10,regional_10,50,150,912,70,0,1,0.01,0.5545,0.001,0.98,50,35,0,0,0,0,0,0,0,0,0,2,12,0,1,3,13,0,4,26,38,0,0,4,41,0,0,-1581,549.6561889648438,28,0,181,28,0,0,0
392,True,reg_10,request_scratch,cau100_afr0_asi0_10,regional_10,50,150,912,70,0,1,0.01,0.5545,0.001,0.98,50,55,51,12,21,0,1,3,10,1,3,2,16,2,8,9,16,0,2,36,56,0,1,5,48,1,3,-3979,357.2035217285156,34,3,2246,37,0,0,0
393,True,reg_10,request_scratch,cau100_afr0_asi0_10,regional_10,50,150,912,70,0,1,0.01,0.5545,0.001,0.98,50,72,9,4,1,0,0,1,3,0,0,4,34,1,4,4,23,0,2,31,40,0,0,4,29,0,0,-2750,454.58929443359375,55,0,0,55,0,0,0
394,True,reg_10,request_scratch,cau100_afr0_asi0_10,regional_10,50,150,912,70,0,1,0.01,0.5545,0.001,0.98,50,70,55,8,21,1,5,3,17,0,0,2,37,1,4,4,18,1,3,35,57,1,5,3,41,0,0,-4327,476.93603515625,48,1,1916,49,0,0,0
395,True,reg_10,request_scratch,cau100_afr0_asi0_10,regional_10,50,150,912,70,0,1,0.01,0.5545,0.001,0.98,50,69,5,1,0,0,1,0,3,0,0,2,21,1,8,7,29,0,1,25,43,0,1,1,33,0,0,-2661,536.8845825195312,53,1,0,54,0,0,0
396,True,reg_10,request_scratch,cau100_afr0_asi0_10,regional_10,50,150,912,70,0,1,0.01,0.5545,0.001,0.98,50,40,59,11,27,2,2,2,14,0,1,4,11,2,2,5,14,0,2,34,64,2,2,2,41,0,1,-2159,368.7247314453125,24,2,937,26,0,0,0
397,True,reg_10,request_scratch,cau100_afr0_asi0_10,regional_10,50,150,912,70,0,1,0.01,0.5545,0.001,0.98,50,17,0,0,0,0,0,0,0,0,0,0,7,0,0,0,6,0,4,24,49,0,0,0,36,0,0,-730,589.731201171875,13,0,80,13,0,0,0
398,True,reg_10,request_scratch,cau100_afr0_asi0_10,regional_10,50,150,912,70,0,1,0.01,0.5545,0.001,0.98,50,20,48,5,18,0,2,3,19,0,1,3,3,0,6,3,3,0,2,25,66,0,2,3,53,0,1,-1619,430.01593017578125,14,0,919,14,0,0,0
399,True,reg_10,request_scratch,cau100_afr0_asi0_10,regional_10,50,150,912,70,0,1,0.01,0.5545,0.001,0.98,50,43,8,1,6,0,0,1,0,0,0,6,13,0,3,3,16,0,2,18,51,0,0,2,36,0,0,-1838,244.3999786376953,35,1,77,36,0,0,0
400,True,reg_10,request_scratch,cau100_afr0_asi0_10,regional_10,50,150,912,70,0,1,0.01,0.5545,0.001,0.98,50,94,44,5,21,1,1,5,11,0,0,8,32,0,7,9,34,3,1,22,70,1,1,5,44,0,0,-6696,458.5207824707031,63,1,3535,64,0,0,0
401,True,reg_10,request_scratch,cau100_afr0_asi0_10,regional_10,50,150,912,70,0,1,0.01,0.5545,0.001,0.98,50,75,27,8,8,0,1,1,7,1,1,4,22,5,3,4,35,0,2,19,53,0,1,1,37,1,1,-2722,553.6509399414062,54,2,0,56,0,0,0
402,True,reg_10,request_scratch,cau100_afr0_asi0_10,regional_10,50,150,912,70,0,1,0.01,0.5545,0.001,0.98,50,97,35,3,15,0,2,4,10,0,1,9,39,0,7,5,33,2,2,14,63,0,2,4,43,0,1,-5612,358.015380859375,71,1,2051,72,0,0,0
403,True,reg_10,request_scratch,cau100_afr0_asi0_10,regional_10,50,150,912,70,0,1,0.01,0.5545,0.001,0.98,50,44,36,7,10,1,4,3,11,0,0,1,24,0,5,0,14,0,0,15,60,1,4,3,39,0,0,-1736,433.2496032714844,31,0,186,31,0,0,0
404,True,reg_10,request_scratch,cau100_afr0_asi0_10,regional_10,50,150,912,70,0,1,0.01,0.5545,0.001,0.98,50,26,15,3,8,0,0,1,2,0,1,1,14,0,0,2,7,0,2,17,62,0,0,2,39,0,1,-1751,443.6875305175781,20,0,751,20,0,0,0
405,True,reg_10,request_scratch,cau100_afr0_asi0_10,regional_10,50,150,912,70,0,1,0.01,0.5545,0.001,0.98,50,36,50,9,14,0,3,3,21,0,0,8,6,2,0,7,13,0,0,25,55,0,3,3,51,0,0,-1811,341.2134704589844,25,2,539,27,0,0,0
406,True,reg_10,request_scratch,cau100_afr0_asi0_10,regional_10,50,150,912,70,0,1,0.01,0.5545,0.001,0.98,50,48,0,0,0,0,0,0,0,0,0,4,15,0,4,1,22,0,2,22,47,0,0,3,44,0,0,-2730,444.240234375,33,0,1080,33,0,0,0
407,True,reg_10,request_scratch,cau100_afr0_asi0_10,regional_10,50,150,912,70,0,1,0.01,0.5545,0.001,0.98,50,73,67,8,22,3,4,3,23,2,2,2,16,2,12,11,30,0,0,24,54,3,4,4,57,2,2,-3748,589.4075927734375,46,0,1448,46,0,0,0
408,True,reg_10,request_scratch,cau100_afr0_asi0_10,regional_10,50,150,912,70,0,1,0.01,0.5545,0.001,0.98,50,36,0,0,0,0,0,0,0,0,0,2,19,1,4,1,9,0,0,16,44,0,0,0,46,0,0,-1564,377.2310791015625,27,0,214,27,0,0,0
409,True,reg_10,request_scratch,cau100_afr0_asi0_10,regional_10,50,150,912,70,0,1,0.01,0.5545,0.001,0.98,50,33,56,9,19,0,5,5,18,0,0,4,7,2,5,4,11,0,0,23,55,0,5,5,62,0,0,-2169,461.64190673828125,19,3,1186,22,0,0,0
410,True,reg_10,request_scratch,cau100_afr0_asi0_10,regional_10,50,150,912,70,0,1,0.01,0.5545,0.001,0.98,50,40,0,0,0,0,0,0,0,0,0,4,6,0,2,4,24,0,0,17,41,0,0,4,41,0,0,-1322,419.12921142578125,26,2,0,28,0,0,0
411,True,reg_10,request_scratch,cau100_afr0_asi0_10,regional_10,50,150,912,70,0,1,0.01,0.5545,0.001,0.98,50,20,61,9,24,0,2,7,18,0,1,0,7,0,3,3,5,0,2,25,59,0,2,7,56,0,1,-1264,502.2738037109375,9,1,803,10,0,0,0
412,True,reg_10,request_scratch,cau100_afr0_asi0_10,regional_10,50,150,912,70,0,1,0.01,0.5545,0.001,0.98,50,28,0,0,0,0,0,0,0,0,0,5,4,0,2,1,16,0,0,18,43,0,0,4,36,0,0,-950,457.2701110839844,19,0,0,19,0,0,0
413,True,reg_10,request_scratch,cau100_afr0_asi0_10,regional_10,50,150,912,70,0,1,0.01,0.5545,0.001,0.98,50,40,58,10,22,0,1,5,20,0,0,3,8,3,1,7,12,0,6,26,64,0,1,8,51,0,0,-2427,445.2967834472656,24,2,1205,26,0,0,0
414,True,reg_10,request_scratch,cau100_afr0_asi0_10,regional_10,50,150,912,70,0,1,0.01,0.5545,0.001,0.98,50,81,0,0,0,0,0,0,0,0,0,2,42,0,10,7,20,0,0,19,46,0,0,6,38,0,0,-2783,561.919189453125,55,3,0,58,0,0,0
415,True,reg_10,request_scratch,cau100_afr0_asi0_10,regional_10,50,150,912,70,0,1,0.01,0.5545,0.001,0.98,50,67,67,10,25,1,8,3,18,1,1,12,23,0,5,5,21,0,1,22,62,1,8,4,51,1,1,-3598,469.4438171386719,39,1,1637,40,0,0,0
416,True,reg_10,request_scratch,cau100_afr0_asi0_10,regional_10,50,150,912,70,0,1,0.01,0.5545,0.001,0.98,50,102,0,0,0,0,0,0,0,0,0,14,39,3,3,6,36,0,1,14,47,0,0,2,38,0,0,-4150,414.3191223144531,83,0,0,83,0,0,0
417,True,reg_10,request_scratch,cau100_afr0_asi0_10,regional_10,50,150,912,70,0,1,0.01,0.5545,0.001,0.98,50,52,68,15,21,2,7,6,16,0,1,3,24,0,2,2,20,0,1,21,67,2,7,6,46,0,1,-3074,323.81280517578125,31,1,1513,32,0,0,0
418,True,reg_10,request_scratch,cau100_afr0_asi0_10,regional_10,50,150,912,70,0,1,0.01,0.5545,0.001,0.98,50,36,0,0,0,0,0,0,0,0,0,2,14,0,5,0,11,0,4,19,46,0,0,5,34,0,0,-1250,602.864013671875,25,0,0,25,0,0,0
419,True,reg_10,request_scratch,cau100_afr0_asi0_10,regional_10,50,150,912,70,0,1,0.01,0.5545,0.001,0.98,50,15,57,10,17,0,6,4,19,0,1,0,7,0,0,0,8,0,0,28,59,0,6,7,49,0,1,-839,547.3671264648438,5,3,556,8,0,0,0
420,True,reg_10,request_scratch,cau100_afr0_asi0_10,regional_10,50,150,912,70,0,1,0.01,0.5545,0.001,0.98,50,30,0,0,0,0,0,0,0,0,0,7,6,0,4,2,11,0,0,25,38,0,0,6,35,0,0,-900,417.3067932128906,18,0,0,18,0,0,0
421,True,reg_10,request_scratch,cau100_afr0_asi0_10,regional_10,50,150,912,70,0,1,0.01,0.5545,0.001,0.98,50,51,58,9,21,2,9,4,12,0,1,12,10,1,3,4,21,0,0,32,55,2,9,6,45,0,1,-3341,498.14019775390625,26,1,2030,27,0,0,0
422,True,reg_10,request_scratch,cau100_afr0_asi0_10,regional_10,50,150,912,70,0,1,0.01,0.5545,0.001,0.98,50,94,14,3,3,0,1,0,7,0,0,10,34,5,5,7,33,0,0,22,41,0,1,3,38,0,0,-3411,526.0111083984375,68,1,0,69,0,0,0
423,True,reg_10,request_scratch,cau100_afr0_asi0_10,regional_10,50,150,912,70,0,1,0.01,0.5545,0.001,0.98,50,115,58,8,19,1,1,2,24,1,2,14,45,0,10,1,45,0,0,25,50,1,1,2,55,1,2,-5363,667.173583984375,81,0,1313,81,0,0,0
424,True,reg_10,request_scratch,cau100_afr0_asi0_10,regional_10,50,150,912,70,0,1,0.01,0.5545,0.001,0.98,50,71,0,0,0,0,0,0,0,0,0,7,28,0,5,3,24,1,3,15,43,0,0,0,43,0,0,-2700,443.9013977050781,54,0,0,54,0,0,0
425,True,reg_10,request_scratch,cau100_afr0_asi0_10,regional_10,50,150,912,70,0,1,0.01,0.5545,0.001,0.98,50,27,66,12,25,0,6,4,19,0,0,2,11,1,4,1,7,0,1,19,63,0,6,4,58,0,0,-1362,536.2547607421875,15,0,612,15,0,0,0
426,True,reg_10,request_scratch,cau100_afr0_asi0_10,regional_10,50,150,912,70,0,1,0.01,0.5545,0.001,0.98,50,34,0,0,0,0,0,0,0,0,0,2,19,0,0,0,11,0,2,18,47,0,0,1,50,0,0,-1693,492.10772705078125,28,0,293,28,0,0,0
427,True,reg_10,request_scratch,cau100_afr0_asi0_10,regional_10,50,150,912,70,0,1,0.01,0.5545,0.001,0.98,50,45,48,5,19,2,5,4,12,0,1,7,14,0,1,4,19,0,0,20,63,2,5,4,55,0,1,-3109,438.4436950683594,25,0,1859,25,0,0,0
428,True,reg_10,request_scratch,cau100_afr0_asi0_10,regional_10,50,150,912,70,0,1,0.01,0.5545,0.001,0.98,50,57,22,3,11,0,1,0,7,0,0,6,27,0,2,4,18,0,0,20,55,0,1,0,38,0,0,-2450,401.5422668457031,49,0,0,49,0,0,0
429,True,reg_10,request_scratch,cau100_afr0_asi0_10,regional_10,50,150,912,70,0,1,0.01,0.5545,0.001,0.98,50,41,23,1,8,1,1,2,10,0,0,6,12,0,1,6,14,0,2,19,59,1,1,2,47,0,0,-3630,501.6319274902344,34,0,1930,34,0,0,0
430,True,reg_10,request_scratch,cau100_afr0_asi0_10,regional_10,50,150,912,70,0,1,0.01,0.5545,0.001,0.98,50,49,55,5,22,2,3,1,21,0,1,3,18,2,4,1,17,0,4,14,60,2,3,1,50,0,1,-1411,505.5185852050781,28,1,0,29,0,0,0
431,True,reg_10,request_scratch,cau100_afr0_asi0_10,regional_10,50,150,912,70,0,1,0.01,0.5545,0.001,0.98,50,74,0,0,0,0,0,0,0,0,0,2,36,2,2,0,29,0,3,10,56,0,0,0,44,0,0,-3764,441.47711181640625,54,0,1064,54,0,0,0
432,True,reg_10,request_scratch,cau100_afr0_asi0_10,regional_10,50,150,912,70,0,1,0.01,0.5545,0.001,0.98,50,53,68,12,21,1,3,3,28,0,0,5,17,0,6,7,15,0,3,18,62,1,3,3,63,0,0,-2231,500.4825134277344,34,0,531,34,0,0,0
433,True,reg_10,request_scratch,cau100_afr0_asi0_10,regional_10,50,150,912,70,0,1,0.01,0.5545,0.001,0.98,50,43,0,0,0,0,0,0,0,0,0,0,18,0,3,3,17,0,2,15,51,0,0,1,58,0,0,-2433,395.6802673339844,35,0,683,35,0,0,0
434,True,reg_10,request_scratch,cau100_afr0_asi0_10,regional_10,50,150,912,70,0,1,0.01,0.5545,0.001,0.98,50,37,48,7,23,0,4,3,8,0,3,7,5,0,3,3,17,0,2,17,66,0,4,3,57,0,3,-2699,614.5103149414062,22,2,1577,24,0,0,0
435,True,reg_10,request_scratch,cau100_afr0_asi0_10,regional_10,50,150,912,70,0,1,0.01,0.5545,0.001,0.98,50,76,19,3,6,0,2,2,6,0,0,2,30,3,6,6,17,3,9,16,50,0,2,2,42,0,0,-2872,428.11773681640625,57,2,0,59,0,0,0
436,True,reg_10,request_scratch,cau100_afr0_asi0_10,regional_10,50,150,912,70,0,1,0.01,0.5545,0.001,0.98,50,46,42,5,19,0,5,0,11,0,2,0,22,2,5,3,14,0,0,14,64,0,5,0,50,0,2,-3283,533.821533203125,31,1,1722,32,0,0,0
437,True,reg_10,request_scratch,cau100_afr0_asi0_10,regional_10,50,150,912,70,0,1,0.01,0.5545,0.001,0.98,50,81,28,6,8,0,0,2,12,0,0,6,22,0,13,4,32,0,4,18,56,0,0,2,37,0,1,-2650,523.0927124023438,53,0,0,53,0,0,0
438,True,reg_10,request_scratch,cau100_afr0_asi0_10,regional_10,50,150,912,70,0,1,0.01,0.5545,0.001,0.98,50,53,38,5,10,2,5,3,13,0,0,1,20,0,2,6,20,0,4,18,58,2,5,3,38,0,0,-2314,528.7774047851562,33,2,642,35,0,0,0
439,True,reg_10,request_scratch,cau100_afr0_asi0_10,regional_10,50,150,912,70,0,1,0.01,0.5545,0.001,0.98,50,31,28,4,10,0,0,4,10,0,0,2,8,0,3,0,18,0,0,19,53,0,0,4,46,0,0,-1247,418.5001525878906,22,0,147,22,0,0,0
440,True,reg_10,request_scratch,cau100_afr0_asi0_10,regional_10,50,150,912,70,0,1,0.01,0.5545,0.001,0.98,50,23,16,1,7,0,1,0,6,1,0,0,7,0,1,4,11,0,0,18,54,0,1,1,50,1,0,-1511,533.6743774414062,17,1,650,18,0,0,0
441,True,reg_10,request_scratch,cau100_afr0_asi0_10,regional_10,50,150,912,70,0,1,0.01,0.5545,0.001,0.98,50,41,44,6,14,0,5,4,14,0,1,6,11,3,3,2,14,0,2,22,49,0,5,4,55,0,1,-1531,492.89703369140625,16,2,709,18,0,0,0
442,True,reg_10,request_scratch,cau100_afr0_asi0_10,regional_10,50,150,912,70,0,1,0.01,0.5545,0.001,0.98,50,84,12,4,5,0,0,0,3,0,0,1,32,0,7,0,42,2,0,20,46,0,0,2,46,0,0,-4622,315.2320861816406,62,0,1522,62,0,0,0
443,True,reg_10,request_scratch,cau100_afr0_asi0_10,regional_10,50,150,912,70,0,1,0.01,0.5545,0.001,0.98,50,74,56,8,21,4,3,4,16,0,0,2,24,4,10,6,27,0,1,21,57,4,3,4,49,0,0,-4085,500.8548278808594,55,0,1335,55,0,0,0
444,True,reg_10,request_scratch,cau100_afr0_asi0_10,regional_10,50,150,912,70,0,1,0.01,0.5545,0.001,0.98,50,64,1,1,0,0,0,0,0,0,0,5,27,0,4,4,19,4,1,15,47,0,0,2,39,0,0,-3210,507.76092529296875,50,1,699,51,0,0,0
445,True,reg_10,request_scratch,cau100_afr0_asi0_10,regional_10,50,150,912,70,0,1,0.01,0.5545,0.001,0.98,50,39,67,12,26,1,3,4,21,0,0,2,11,4,2,5,12,0,3,21,66,1,3,4,54,0,0,-2248,628.5697631835938,26,1,937,27,0,0,0
446,True,reg_10,request_scratch,cau100_afr0_asi0_10,regional_10,50,150,912,70,0,1,0.01,0.5545,0.001,0.98,50,31,0,0,0,0,0,0,0,0,0,0,8,0,5,2,13,0,3,20,52,0,0,2,40,0,0,-1374,555.6410522460938,24,0,174,24,0,0,0
447,True,reg_10,request_scratch,cau100_afr0_asi0_10,regional_10,50,150,912,70,0,1,0.01,0.5545,0.001,0.98,50,24,46,7,12,0,3,5,18,1,0,3,7,0,0,0,14,0,0,27,59,0,3,5,55,1,0,-1676,383.9603576660156,14,0,976,14,0,0,0
448,True,reg_10,request_scratch,cau100_afr0_asi0_10,regional_10,50,150,912,70,0,1,0.01,0.5545,0.001,0.98,50,54,6,0,3,1,1,0,1,0,0,3,18,0,1,5,22,0,5,20,41,1,1,4,40,1,0,-1831,386.9333801269531,36,2,9,38,0,0,0
449,True,reg_10,request_scratch,cau100_afr0_asi0_10,regional_10,50,150,912,70,0,1,0.01,0.5545,0.001,0.98,50,42,56,7,20,2,7,1,19,0,0,4,19,2,7,0,9,0,1,24,58,2,7,1,54,0,0,-3270,518.0433959960938,26,1,1959,27,0,0,0
450,True,reg_10,request_scratch,cau100_afr0_asi0_10,regional_10,50,150,912,70,0,1,0.01,0.5545,0.001,0.98,50,43,15,2,5,1,2,0,5,0,0,6,18,0,4,2,11,0,2,16,40,2,2,0,43,0,0,-1461,553.2327880859375,29,1,0,30,0,0,0
451,True,reg_10,request_scratch,cau100_afr0_asi0_10,regional_10,50,150,912,70,0,1,0.01,0.5545,0.001,0.98,50,63,49,6,27,0,1,2,13,0,0,9,26,0,2,3,22,0,1,17,65,0,1,2,53,0,0,-3762,485.0816955566406,48,0,1362,48,0,0,0
452,True,reg_10,request_scratch,cau100_afr0_asi0_10,regional_10,50,150,912,70,0,1,0.01,0.5545,0.001,0.98,50,35,0,0,0,0,0,0,0,0,0,3,15,0,3,2,8,0,4,15,55,0,0,0,38,0,0,-1606,445.69732666015625,30,1,95,31,0,0,0
453,True,reg_10,request_scratch,cau100_afr0_asi0_10,regional_10,50,150,912,70,0,1,0.01,0.5545,0.001,0.98,50,29,48,5,11,1,5,3,22,0,1,2,15,0,0,3,9,0,0,19,63,1,5,3,58,0,1,-2120,437.0762939453125,18,1,1209,19,0,0,0
454,True,reg_10,request_scratch,cau100_afr0_asi0_10,regional_10,50,150,912,70,0,1,0.01,0.5545,0.001,0.98,50,26,10,1,1,0,0,2,6,0,0,1,10,0,0,0,13,0,2,14,44,0,0,5,46,0,0,-1289,514.2047729492188,21,0,239,21,0,0,0
455,True,reg_10,request_scratch,cau100_afr0_asi0_10,regional_10,50,150,912,70,0,1,0.01,0.5545,0.001,0.98,50,31,43,5,13,2,0,4,18,0,1,4,10,0,0,6,11,0,0,17,52,2,0,9,59,0,1,-2388,522.1836547851562,21,4,1294,25,0,0,0
456,True,reg_10,request_scratch,cau100_afr0_asi0_10,regional_10,50,150,912,70,0,1,0.01,0.5545,0.001,0.98,50,56,20,2,8,0,1,2,7,0,0,5,22,0,6,1,21,0,1,13,33,0,1,10,53,0,0,-1700,466.3052978515625,34,0,0,34,0,0,0
457,True,reg_10,request_scratch,cau100_afr0_asi0_10,regional_10,50,150,912,70,0,1,0.01,0.5545,0.001,0.98,50,48,43,4,17,1,4,2,15,0,0,6,19,0,1,4,16,0,2,12,44,1,4,6,64,0,0,-2379,429.4181213378906,28,1,968,29,0,0,0
458,True,reg_10,request_scratch,cau100_afr0_asi0_10,regional_10,50,150,912,70,0,1,0.01,0.5545,0.001,0.98,50,76,20,1,5,1,4,1,8,0,0,5,33,2,5,6,19,4,2,10,44,1,4,1,54,0,0,-3179,457.8135986328125,56,2,357,58,0,0,0
459,True,reg_10,request_scratch,cau100_afr0_asi0_10,regional_10,50,150,912,70,0,1,0.01,0.5545,0.001,0.98,50,67,45,3,19,0,3,5,15,0,0,5,21,2,6,7,20,0,6,9,56,0,3,5,63,0,0,-3731,385.9137268066406,47,2,1359,49,0,0,0
460,True,reg_10,request_scratch,cau100_afr0_asi0_10,regional_10,50,150,912,70,0,1,0.01,0.5545,0.001,0.98,50,41,13,4,5,1,1,0,2,0,0,6,17,0,3,3,12,0,0,10,54,1,1,0,47,0,0,-2224,488.8848571777344,34,0,524,34,0,0,0
461,True,reg_10,request_scratch,cau100_afr0_asi0_10,regional_10,50,150,912,70,0,1,0.01,0.5545,0.001,0.98,50,46,44,4,22,0,1,2,15,0,0,2,18,1,2,6,14,2,1,13,68,0,1,2,55,0,0,-3159,553.8367919921875,35,1,1398,36,0,0,0
462,True,reg_10,request_scratch,cau100_afr0_asi0_10,regional_10,50,150,912,70,0,1,0.01,0.5545,0.001,0.98,50,56,9,2,3,0,1,0,3,0,0,9,13,2,2,4,20,0,6,11,54,0,1,0,43,0,0,-2648,465.1313171386719,43,2,476,45,0,0,0
463,True,reg_10,request_scratch,cau100_afr0_asi0_10,regional_10,50,150,912,70,0,1,0.01,0.5545,0.001,0.98,50,78,50,10,15,1,2,7,15,0,0,6,23,0,11,4,31,0,3,18,64,1,2,7,50,0,0,-5360,389.2840576171875,60,0,2360,60,0,0,0
464,True,reg_10,request_scratch,cau100_afr0_asi0_10,regional_10,50,150,912,70,0,1,0.01,0.5545,0.001,0.98,50,50,15,0,8,1,2,1,3,0,0,0,21,0,6,5,18,0,0,15,53,1,2,1,38,0,0,-2227,397.6402587890625,39,0,277,39,0,0,0
465,True,reg_10,request_scratch,cau100_afr0_asi0_10,regional_10,50,150,912,70,0,1,0.01,0.5545,0.001,0.98,50,58,44,7,20,0,3,0,14,0,0,4,24,0,5,4,17,0,4,20,68,0,3,0,48,0,0,-4018,414.3128662109375,42,0,1918,42,0,0,0
466,True,reg_10,request_scratch,cau100_afr0_asi0_10,regional_10,50,150,912,70,0,1,0.01,0.5545,0.001,0.98,50,31,15,4,10,0,0,0,0,0,1,5,8,0,0,1,16,0,1,17,56,0,0,0,35,0,1,-1440,562.7054443359375,26,1,129,27,0,0,0
467,True,reg_10,request_scratch,cau100_afr0_asi0_10,regional_10,50,150,912,70,0,1,0.01,0.5545,0.001,0.98,50,8,35,7,15,0,1,5,7,0,0,0,0,0,0,0,8,0,0,23,68,0,1,5,39,0,0,-531,533.5214233398438,5,1,270,6,0,0,0
468,True,reg_10,request_scratch,cau100_afr0_asi0_10,regional_10,50,150,912,70,0,1,0.01,0.5545,0.001,0.98,50,22,16,6,6,0,1,1,2,0,0,0,6,0,5,0,11,0,0,24,59,0,1,6,26,0,0,-658,559.783447265625,10,0,158,10,0,0,0
469,True,reg_10,request_scratch,cau100_afr0_asi0_10,regional_10,50,150,912,70,0,1,0.01,0.5545,0.001,0.98,50,42,35,3,17,0,5,2,8,0,0,4,9,0,4,2,21,2,0,26,68,0,5,5,31,0,0,-2589,539.3097534179688,22,1,1478,23,0,0,0
470,True,reg_10,request_scratch,cau100_afr0_asi0_10,regional_10,50,150,912,70,0,1,0.01,0.5545,0.001,0.98,50,79,35,9,13,0,1,1,10,0,1,7,28,0,5,2,33,0,4,29,61,0,1,2,27,0,1,-3360,605.4592895507812,56,0,560,56,0,0,0
471,True,reg_10,request_scratch,cau100_afr0_asi0_10,regional_10,50,150,912,70,0,1,0.01,0.5545,0.001,0.98,50,102,23,2,7,0,1,5,7,1,0,8,25,8,8,6,37,1,9,25,58,0,1,5,28,1,0,-5040,432.75531005859375,74,1,1329,75,0,0,0
472,True,reg_10,request_scratch,cau100_afr0_asi0_10,regional_10,50,150,912,70,0,1,0.01,0.5545,0.001,0.98,50,74,53,13,14,0,6,3,17,0,0,4,30,2,7,8,16,0,7,28,57,0,6,3,40,0,0,-2648,433.7955627441406,47,2,276,49,0,0,0
473,True,reg_10,request_scratch,cau100_afr0_asi0_10,regional_10,50,150,912,70,0,1,0.01,0.5545,0.001,0.98,50,66,0,0,0,0,0,0,0,0,0,11,15,0,7,3,24,0,6,24,51,0,0,0,32,0,0,-3314,443.97454833984375,48,0,914,48,0,0,0
474,True,reg_10,request_scratch,cau100_afr0_asi0_10,regional_10,50,150,912,70,0,1,0.01,0.5545,0.001,0.98,50,27,72,10,26,2,5,4,25,0,0,2,8,0,2,0,13,0,2,26,60,2,5,4,53,0,0,-1062,448.7922668457031,13,0,412,13,0,0,0
475,True,reg_10,request_scratch,cau100_afr0_asi0_10,regional_10,50,150,912,70,0,1,0.01,0.5545,0.001,0.98,50,12,0,0,0,0,0,0,0,0,0,0,4,0,1,0,3,0,4,25,47,0,0,2,49,0,0,-574,423.3771057128906,8,0,174,8,0,0,0
476,True,reg_10,request_scratch,cau100_afr0_asi0_10,regional_10,50,150,912,70,0,1,0.01,0.5545,0.001,0.98,50,77,44,12,14,1,1,3,10,0,3,8,33,1,0,1,30,0,4,35,54,1,1,4,52,0,3,-5524,409.9220275878906,56,0,2724,56,0,0,0
477,True,reg_10,request_scratch,cau100_afr0_asi0_10,regional_10,50,150,912,70,0,1,0.01,0.5545,0.001,0.98,50,59,11,2,4,1,0,1,3,0,0,2,17,2,7,8,23,0,0,24,44,1,0,4,38,0,0,-2133,464.22711181640625,42,3,0,45,0,0,0
478,True,reg_10,request_scratch,cau100_afr0_asi0_10,regional_10,50,150,912,70,0,1,0.01,0.5545,0.001,0.98,50,65,47,7,19,0,3,4,11,1,2,8,22,2,3,5,25,0,0,29,56,0,3,4,46,1,2,-5123,460.41845703125,44,2,2901,46,0,0,0
479,True,reg_10,request_scratch,cau100_afr0_asi0_10,regional_10,50,150,912,70,0,1,0.01,0.5545,0.001,0.98,50,54,31,3,8,1,5,6,7,0,1,2,17,3,6,13,12,0,1,24,45,1,5,6,31,0,1,-1622,486.8455505371094,32,2,0,34,0,0,0
480,True,reg_10,request_scratch,cau100_afr0_asi0_10,regional_10,50,150,912,70,0,1,0.01,0.5545,0.001,0.98,50,45,41,10,14,0,1,4,10,0,2,5,14,0,1,6,19,0,0,31,56,0,1,4,38,0,2,-2260,497.32574462890625,26,1,949,27,0,0,0
481,True,reg_10,request_scratch,cau100_afr0_asi0_10,regional_10,50,150,912,70,0,1,0.01,0.5545,0.001,0.98,50,19,19,5,5,0,4,1,4,0,0,0,8,0,0,0,11,0,0,27,50,0,4,1,34,0,0,-601,400.16851806640625,10,0,101,10,0,0,0
482,True,reg_10,request_scratch,cau100_afr0_asi0_10,regional_10,50,150,912,70,0,1,0.01,0.5545,0.001,0.98,50,16,33,5,14,0,1,1,12,0,0,1,2,0,0,7,6,0,0,30,60,0,1,1,44,0,0,-1055,347.60467529296875,10,1,544,11,0,0,0
483,True,reg_10,request_scratch,cau100_afr0_asi0_10,regional_10,50,150,912,70,0,1,0.01,0.5545,0.001,0.98,50,38,22,7,4,1,1,1,8,0,0,3,9,0,5,7,12,0,2,30,45,1,1,1,41,0,0,-1760,473.197998046875,25,4,466,29,0,0,0
484,True,reg_10,request_scratch,cau100_afr0_asi0_10,regional_10,50,150,912,70,0,1,0.01,0.5545,0.001,0.98,50,39,32,3,15,1,1,1,11,0,0,1,15,0,0,2,21,0,0,29,52,2,1,1,45,0,0,-2523,517.2654418945312,27,1,1162,28,0,0,0
485,True,reg_10,request_scratch,cau100_afr0_asi0_10,regional_10,50,150,912,70,0,1,0.01,0.5545,0.001,0.98,50,37,28,3,11,1,2,1,10,0,0,1,10,0,5,2,16,0,3,23,49,1,2,1,45,0,0,-1399,454.1154479980469,22,1,288,23,0,0,0
486,True,reg_10,request_scratch,cau100_afr0_asi0_10,regional_10,50,150,912,70,0,1,0.01,0.5545,0.001,0.98,50,39,22,1,7,2,3,1,7,0,1,2,17,0,5,0,14,0,1,19,51,3,3,1,47,0,1,-2355,553.675048828125,25,2,1083,27,0,0,0
487,True,reg_10,request_scratch,cau100_afr0_asi0_10,regional_10,50,150,912,70,0,1,0.01,0.5545,0.001,0.98,50,28,46,8,14,1,4,3,16,0,0,7,16,0,0,0,5,0,0,22,51,2,4,3,52,0,0,-1368,624.6482543945312,18,1,457,19,0,0,0
488,True,reg_10,request_scratch,cau100_afr0_asi0_10,regional_10,50,150,912,70,0,1,0.01,0.5545,0.001,0.98,50,14,0,0,0,0,0,0,0,0,0,0,5,0,0,0,9,0,0,15,47,0,0,3,44,0,0,-843,417.1227111816406,9,0,393,9,0,0,0
489,True,reg_10,request_scratch,cau100_afr0_asi0_10,regional_10,50,150,912,70,0,1,0.01,0.5545,0.001,0.98,50,64,72,13,25,2,7,6,18,0,1,3,30,1,3,12,15,0,0,25,57,2,7,7,51,0,1,-3240,584.4407958984375,39,1,1279,40,0,0,0
490,True,reg_10,request_scratch,cau100_afr0_asi0_10,regional_10,50,150,912,70,0,1,0.01,0.5545,0.001,0.98,50,60,0,0,0,0,0,0,0,0,0,9,16,2,5,5,17,2,4,22,46,0,0,1,41,0,0,-2922,549.31689453125,46,0,622,46,0,0,0
491,True,reg_10,request_scratch,cau100_afr0_asi0_10,regional_10,50,150,912,70,0,1,0.01,0.5545,0.001,0.98,50,89,60,13,23,0,5,4,15,0,0,3,28,2,8,4,39,0,5,30,62,0,5,4,49,0,0,-4999,447.03936767578125,59,0,2049,59,0,0,0
492,True,reg_10,request_scratch,cau100_afr0_asi0_10,regional_10,50,150,912,70,0,1,0.01,0.5545,0.001,0.98,50,64,0,0,0,0,0,0,0,0,0,7,30,1,5,1,15,0,5,23,48,0,0,0,33,0,0,-2800,340.4491271972656,56,0,0,56,0,0,0
493,True,reg_10,request_scratch,cau100_afr0_asi0_10,regional_10,50,150,912,70,0,1,0.01,0.5545,0.001,0.98,50,42,54,6,26,1,4,3,13,0,1,2,8,4,2,2,21,3,0,28,71,1,4,3,42,0,1,-2941,506.8224792480469,25,1,1680,26,0,0,0
494,True,reg_10,request_scratch,cau100_afr0_asi0_10,regional_10,50,150,912,70,0,1,0.01,0.5545,0.001,0.98,50,37,7,1,1,0,0,1,4,0,0,2,16,0,5,1,12,0,1,20,50,0,0,2,32,0,0,-1300,606.0452880859375,26,0,0,26,0,0,0
495,True,reg_10,request_scratch,cau100_afr0_asi0_10,regional_10,50,150,912,70,0,1,0.01,0.5545,0.001,0.98,50,22,50,9,26,1,1,1,12,0,0,2,11,2,0,0,7,0,0,25,71,1,1,3,42,0,0,-1564,408.88336181640625,15,0,814,15,0,0,0
496,True,reg_10,request_scratch,cau100_afr0_asi0_10,regional_10,50,150,912,70,0,1,0.01,0.5545,0.001,0.98,50,32,1,0,1,0,0,0,0,0,0,0,14,0,2,1,15,0,0,16,54,0,0,3,29,0,0,-1250,580.3703002929688,25,0,0,25,0,0,0
497,True,reg_10,request_scratch,cau100_afr0_asi0_10,regional_10,50,150,912,70,0,1,0.01,0.5545,0.001,0.98,50,56,54,8,18,0,5,6,15,0,2,0,20,2,5,8,20,0,1,22,71,0,5,7,42,0,2,-3469,429.85205078125,31,4,1875,35,0,0,0
498,True,reg_10,request_scratch,cau100_afr0_asi0_10,regional_10,50,150,912,70,0,1,0.01,0.5545,0.001,0.98,50,58,10,2,5,1,0,0,2,0,0,9,19,0,4,4,21,1,0,20,51,1,0,2,33,0,0,-2546,430.4619140625,47,0,196,47,0,0,0
499,True,reg_10,request_scratch,cau100_afr0_asi0_10,regional_10,50,150,912,70,0,1,0.01,0.5545,0.001,0.98,50,57,47,7,15,1,3,4,15,1,1,3,28,1,3,6,10,0,6,22,64,1,3,5,44,1,1,-4088,501.07421875,38,1,2177,39,0,0,0
500,True,reg_10,request_scratch,cau100_afr0_asi0_10,regional_10,50,150,912,70,0,1,0.01,0.5545,0.001,0.98,50,62,25,4,12,0,2,0,6,1,0,3,29,0,4,5,20,0,1,21,51,0,2,0,38,1,0,-2208,421.6476135253906,43,2,36,45,0,0,0
501,True,reg_10,request_scratch,cau100_afr0_asi0_10,regional_10,50,150,912,70,0,1,0.01,0.5545,0.001,0.98,50,58,34,4,19,1,0,2,8,0,0,2,32,0,5,1,16,0,2,20,66,1,0,2,39,0,0,-3496,516.4430541992188,44,0,1296,44,0,0,0
502,True,reg_10,request_scratch,cau100_afr0_asi0_10,regional_10,50,150,912,70,0,1,0.01,0.5545,0.001,0.98,50,40,25,4,8,0,2,2,8,0,1,4,13,0,5,3,12,0,3,16,59,0,2,2,39,0,1,-1408,499.29583740234375,26,1,97,27,0,0,0
503,True,reg_10,request_scratch,cau100_afr0_asi0_10,regional_10,50,150,912,70,0,1,0.01,0.5545,0.001,0.98,50,37,25,4,9,0,1,2,9,0,0,6,13,2,2,1,13,0,0,19,62,0,1,2,46,0,0,-2385,565.1819458007812,27,1,1024,28,0,0,0
504,True,reg_10,request_scratch,cau100_afr0_asi0_10,regional_10,50,150,912,70,0,1,0.01,0.5545,0.001,0.98,50,87,33,5,9,0,1,5,13,0,0,12,23,0,5,8,34,0,5,21,57,0,1,5,44,0,0,-4403,444.5106201171875,63,0,1253,63,0,0,0
505,True,reg_10,request_scratch,cau100_afr0_asi0_10,regional_10,50,150,912,70,0,1,0.01,0.5545,0.001,0.98,50,90,27,7,3,0,4,3,9,0,1,6,34,2,8,8,30,0,2,23,48,0,4,3,44,0,1,-4607,513.6847534179688,61,1,1546,62,0,0,0
506,True,reg_10,request_scratch,cau100_afr0_asi0_10,regional_10,50,150,912,70,0,1,0.01,0.5545,0.001,0.98,50,109,48,8,17,2,2,1,18,0,0,5,44,0,10,9,37,3,1,26,46,2,2,1,54,0,0,-4716,462.5345153808594,82,2,594,84,0,0,0
507,True,reg_10,request_scratch,cau100_afr0_asi0_10,regional_10,50,150,912,70,0,1,0.01,0.5545,0.001,0.98,50,54,5,0,2,0,0,0,3,0,0,6,18,0,9,2,18,0,1,21,40,0,0,0,46,0,0,-2695,402.1833190917969,43,1,534,44,0,0,0
508,True,reg_10,request_scratch,cau100_afr0_asi0_10,regional_10,50,150,912,70,0,1,0.01,0.5545,0.001,0.98,50,52,56,4,23,0,5,7,17,0,0,3,27,0,3,2,15,0,2,19,54,0,5,7,60,0,0,-2263,476.5765380859375,27,1,902,28,0,0,0
509,True,reg_10,request_scratch,cau100_afr0_asi0_10,regional_10,50,150,912,70,0,1,0.01,0.5545,0.001,0.98,50,36,0,0,0,0,0,0,0,0,0,8,14,0,2,2,10,0,0,16,45,0,0,1,47,0,0,-1966,508.7019958496094,30,1,455,31,0,0,0
510,True,reg_10,request_scratch,cau100_afr0_asi0_10,regional_10,50,150,912,70,0,1,0.01,0.5545,0.001,0.98,50,18,58,10,28,1,4,3,11,0,1,0,9,0,2,3,4,0,0,22,70,1,4,3,49,0,1,-1164,347.0759582519531,9,0,714,9,0,0,0
511,True,reg_10,request_scratch,cau100_afr0_asi0_10,regional_10,50,150,912,70,0,1,0.01,0.5545,0.001,0.98,50,37,0,0,0,0,0,0,0,0,0,3,8,3,0,7,14,0,2,14,53,1,0,3,31,0,0,-1368,465.51190185546875,25,4,74,29,0,0,0
512,True,reg_10,request_scratch,cau100_afr0_asi0_10,regional_10,50,150,912,70,0,1,0.01,0.5545,0.001,0.98,50,58,61,5,21,2,2,7,24,0,0,3,26,0,2,1,23,0,3,16,70,2,2,8,52,0,0,-3891,446.37127685546875,39,0,1941,39,0,0,0
513,True,reg_10,request_scratch,cau100_afr0_asi0_10,regional_10,50,150,912,70,0,1,0.01,0.5545,0.001,0.98,50,29,0,0,0,0,0,0,0,0,0,0,10,0,2,0,15,0,2,10,49,0,0,7,35,0,0,-850,625.20654296875,17,0,0,17,0,0,0
514,True,reg_10,request_scratch,cau100_afr0_asi0_10,regional_10,50,150,912,70,0,1,0.01,0.5545,0.001,0.98,50,53,61,11,21,2,6,5,16,0,0,0,17,0,2,12,16,1,5,20,69,2,6,6,47,0,0,-3293,476.3128662109375,31,3,1710,34,0,0,0
515,True,reg_10,request_scratch,cau100_afr0_asi0_10,regional_10,50,150,912,70,0,1,0.01,0.5545,0.001,0.98,50,35,0,0,0,0,0,0,0,0,0,2,14,0,3,3,12,0,1,16,42,0,0,3,40,0,0,-1411,479.0242919921875,28,1,0,29,0,0,0
516,True,reg_10,request_scratch,cau100_afr0_asi0_10,regional_10,50,150,912,70,0,1,0.01,0.5545,0.001,0.98,50,20,56,10,18,1,5,4,18,0,0,0,9,0,0,6,5,0,0,26,57,1,5,5,56,0,0,-1335,467.4051818847656,9,3,852,12,0,0,0
517,True,reg_10,request_scratch,cau100_afr0_asi0_10,regional_10,50,150,912,70,0,1,0.01,0.5545,0.001,0.98,50,12,2,0,2,0,0,0,0,0,0,0,4,0,3,2,2,0,1,21,41,0,0,4,34,0,0,-400,431.9615478515625,8,0,0,8,0,0,0
518,True,reg_10,request_scratch,cau100_afr0_asi0_10,regional_10,50,150,912,70,0,1,0.01,0.5545,0.001,0.98,50,32,52,7,20,1,2,7,15,0,0,0,9,0,1,10,12,0,0,26,61,1,2,11,47,0,0,-2293,510.09234619140625,20,0,1293,20,0,0,0
519,True,reg_10,request_scratch,cau100_afr0_asi0_10,regional_10,50,150,912,70,0,1,0.01,0.5545,0.001,0.98,50,56,1,0,0,0,1,0,0,0,0,8,17,0,10,0,21,0,0,17,40,0,1,10,33,0,0,-1850,437.68017578125,37,0,0,37,0,0,0
520,True,reg_10,request_scratch,cau100_afr0_asi0_10,regional_10,50,150,912,70,0,1,0.01,0.5545,0.001,0.98,50,63,68,10,28,0,5,8,16,1,0,0,34,2,0,2,22,0,3,23,62,0,5,13,46,1,0,-3959,428.5911560058594,43,0,1809,43,0,0,0
521,True,reg_10,request_scratch,cau100_afr0_asi0_10,regional_10,50,150,912,70,0,1,0.01,0.5545,0.001,0.98,50,65,0,0,0,0,0,0,0,0,0,3,20,2,6,7,26,0,1,17,50,0,0,9,31,0,0,-2636,597.6300659179688,50,4,92,54,0,0,0
522,True,reg_10,request_scratch,cau100_afr0_asi0_10,regional_10,50,150,912,70,0,1,0.01,0.5545,0.001,0.98,50,52,58,11,14,2,4,3,19,1,4,8,10,1,3,2,26,0,2,25,61,2,4,11,42,1,4,-2634,500.00982666015625,25,3,1351,28,0,0,0
523,True,reg_10,request_scratch,cau100_afr0_asi0_10,regional_10,50,150,912,70,0,1,0.01,0.5545,0.001,0.98,50,24,0,0,0,0,0,0,0,0,0,0,5,0,4,1,14,0,0,21,42,0,0,5,35,0,0,-711,483.4626770019531,14,1,0,15,0,0,0
524,True,reg_10,request_scratch,cau100_afr0_asi0_10,regional_10,50,150,912,70,0,1,0.01,0.5545,0.001,0.98,50,36,57,7,19,1,7,3,20,0,0,3,16,0,7,4,6,0,0,27,58,1,7,5,52,0,0,-2487,456.005615234375,18,0,1587,18,0,0,0
525,True,reg_10,request_scratch,cau100_afr0_asi0_10,regional_10,50,150,912,70,0,1,0.01,0.5545,0.001,0.98,50,54,8,2,4,0,0,0,2,0,0,1,16,2,9,2,20,0,4,20,37,0,0,3,41,0,0,-1900,446.2877197265625,38,0,0,38,0,0,0
526,True,reg_10,request_scratch,cau100_afr0_asi0_10,regional_10,50,150,912,70,0,1,0.01,0.5545,0.001,0.98,50,87,57,4,16,2,6,5,22,0,2,10,28,0,3,5,30,0,11,19,48,2,6,5,60,0,2,-4618,589.666015625,51,0,2068,51,0,0,0
527,True,reg_10,request_scratch,cau100_afr0_asi0_10,regional_10,50,150,912,70,0,1,0.01,0.5545,0.001,0.98,50,42,12,1,5,1,0,2,3,0,0,6,20,0,4,2,10,0,0,14,44,1,0,2,47,0,0,-1600,418.41741943359375,32,0,0,32,0,0,0
528,True,reg_10,request_scratch,cau100_afr0_asi0_10,regional_10,50,150,912,70,0,1,0.01,0.5545,0.001,0.98,50,50,43,6,12,0,3,2,18,0,2,4,10,0,8,3,23,2,0,16,54,0,3,2,64,0,2,-3273,583.1405639648438,32,3,1640,35,0,0,0
529,True,reg_10,request_scratch,cau100_afr0_asi0_10,regional_10,50,150,912,70,0,1,0.01,0.5545,0.001,0.98,50,46,19,0,11,0,0,0,7,0,1,2,11,0,5,0,28,0,0,13,48,0,0,0,52,0,1,-1960,385.6519470214844,36,0,160,36,0,0,0
530,True,reg_10,request_scratch,cau100_afr0_asi0_10,regional_10,50,150,912,70,0,1,0.01,0.5545,0.001,0.98,50,35,28,4,13,0,0,1,10,0,0,4,7,0,2,4,16,2,0,15,56,0,0,1,60,0,0,-2504,419.124755859375,25,1,1243,26,0,0,0
531,True,reg_10,request_scratch,cau100_afr0_asi0_10,regional_10,50,150,912,70,0,1,0.01,0.5545,0.001,0.98,50,34,33,5,16,0,2,1,8,0,1,0,16,0,0,2,12,0,4,16,57,0,2,1,46,0,1,-1328,438.8185119628906,23,1,167,24,0,0,0
532,True,reg_10,request_scratch,cau100_afr0_asi0_10,regional_10,50,150,912,70,0,1,0.01,0.5545,0.001,0.98,50,28,12,0,5,1,0,2,4,0,0,1,10,0,1,3,11,0,2,14,57,1,0,2,47,0,0,-2086,406.1976623535156,23,0,936,23,0,0,0
533,True,reg_10,request_scratch,cau100_afr0_asi0_10,regional_10,50,150,912,70,0,1,0.01,0.5545,0.001,0.98,50,60,56,8,21,0,5,1,20,0,1,4,18,3,2,5,24,1,3,17,66,0,5,2,49,0,1,-3093,504.1382751464844,44,2,871,46,0,0,0
534,True,reg_10,request_scratch,cau100_afr0_asi0_10,regional_10,50,150,912,70,0,1,0.01,0.5545,0.001,0.98,50,45,0,0,0,0,0,0,0,0,0,2,11,4,2,2,21,0,3,14,55,0,0,0,42,0,0,-2350,531.0453491210938,31,2,778,33,0,0,0
535,True,reg_10,request_scratch,cau100_afr0_asi0_10,regional_10,50,150,912,70,0,1,0.01,0.5545,0.001,0.98,50,53,67,11,26,0,8,1,21,0,0,2,28,0,2,5,12,0,4,20,68,0,8,1,53,0,0,-2804,625.812744140625,33,0,1154,33,0,0,0
536,True,reg_10,request_scratch,cau100_afr0_asi0_10,regional_10,50,150,912,70,0,1,0.01,0.5545,0.001,0.98,50,49,0,0,0,0,0,0,0,0,0,4,19,5,8,2,11,0,0,14,52,0,0,0,45,0,0,-2050,489.969482421875,35,3,267,38,0,0,0
537,True,reg_10,request_scratch,cau100_afr0_asi0_10,regional_10,50,150,912,70,0,1,0.01,0.5545,0.001,0.98,50,46,57,11,18,1,7,2,18,0,0,1,11,0,1,2,30,0,1,21,65,1,7,2,54,0,0,-2870,381.2706604003906,27,1,1509,28,0,0,0
538,True,reg_10,request_scratch,cau100_afr0_asi0_10,regional_10,50,150,912,70,0,1,0.01,0.5545,0.001,0.98,50,54,2,1,0,0,0,0,1,0,0,12,16,0,1,0,20,0,5,19,44,0,0,0,40,0,0,-2350,542.5177612304688,47,0,0,47,0,0,0
539,True,reg_10,request_scratch,cau100_afr0_asi0_10,regional_10,50,150,912,70,0,1,0.01,0.5545,0.001,0.98,50,41,52,6,17,0,5,2,20,0,2,0,14,0,1,4,18,0,4,21,59,0,5,2,59,0,2,-2912,428.6749267578125,23,2,1740,25,0,0,0
540,True,reg_10,request_scratch,cau100_afr0_asi0_10,regional_10,50,150,912,70,0,1,0.01,0.5545,0.001,0.98,50,39,13,3,4,0,0,0,6,0,0,2,11,0,2,6,17,0,1,21,39,0,0,0,45,0,1,-1261,355.04412841796875,25,1,0,26,0,0,0
541,True,reg_10,request_scratch,cau100_afr0_asi0_10,regional_10,50,150,912,70,0,1,0.01,0.5545,0.001,0.98,50,64,45,5,14,1,2,5,16,1,1,6,17,0,11,0,28,0,2,22,49,1,2,5,56,1,1,-3957,581.3665771484375,43,0,1807,43,0,0,0
542,True,reg_10,request_scratch,cau100_afr0_asi0_10,regional_10,50,150,912,70,0,1,0.01,0.5545,0.001,0.98,50,50,22,3,2,1,1,1,14,0,0,6,19,0,5,4,14,2,0,18,37,1,1,1,57,0,0,-1791,488.9971008300781,35,2,19,37,0,0,0
543,True,reg_10,request_scratch,cau100_afr0_asi0_10,regional_10,50,150,912,70,0,1,0.01,0.5545,0.001,0.98,50,50,31,3,10,2,3,3,10,0,0,4,9,3,2,3,23,0,6,18,44,2,3,3,61,0,0,-3020,349.09674072265625,32,0,1420,32,0,0,0
544,True,reg_10,request_scratch,cau100_afr0_asi0_10,regional_10,50,150,912,70,0,1,0.01,0.5545,0.001,0.98,50,31,37,3,19,0,4,3,7,1,0,6,15,0,0,0,10,0,0,17,49,0,4,3,53,1,0,-1376,435.83026123046875,21,0,326,21,0,0,0
545,True,reg_10,request_scratch,cau100_afr0_asi0_10,regional_10,50,150,912,70,0,1,0.01,0.5545,0.001,0.98,50,44,13,0,7,1,0,0,5,0,0,2,18,2,0,9,13,0,0,14,52,1,0,1,52,0,0,-3129,425.2041320800781,35,0,1379,35,0,0,0
546,True,reg_10,request_scratch,cau100_afr0_asi0_10,regional_10,50,150,912,70,0,1,0.01,0.5545,0.001,0.98,50,64,55,7,18,0,5,3,19,1,2,5,18,0,8,6,26,0,1,16,56,0,5,3,55,1,2,-3016,348.9446716308594,44,3,783,47,0,0,0
547,True,reg_10,request_scratch,cau100_afr0_asi0_10,regional_10,50,150,912,70,0,1,0.01,0.5545,0.001,0.98,50,74,0,0,0,0,0,0,0,0,0,8,21,1,4,4,34,1,1,13,54,0,0,1,41,0,0,-4443,658.7984008789062,62,1,1332,63,0,0,0
548,True,reg_10,request_scratch,cau100_afr0_asi0_10,regional_10,50,150,912,70,0,1,0.01,0.5545,0.001,0.98,50,55,65,11,22,0,5,4,20,0,3,4,22,2,5,5,13,0,4,21,66,0,5,4,51,0,3,-3458,720.2364501953125,41,0,1408,41,0,0,0
549,True,reg_10,request_scratch,cau100_afr0_asi0_10,regional_10,50,150,912,70,0,1,0.01,0.5545,0.001,0.98,50,87,0,0,0,0,0,0,0,0,0,2,19,5,9,1,48,0,3,18,47,0,0,3,44,0,1,-3734,625.459228515625,65,0,484,65,0,0,0
550,True,reg_10,request_scratch,cau100_afr0_asi0_10,regional_10,50,150,912,70,0,1,0.01,0.5545,0.001,0.98,50,71,61,7,21,2,9,3,18,0,1,2,20,0,2,6,38,0,3,21,61,2,9,3,53,0,1,-4143,389.1330261230469,44,1,1932,45,0,0,0
551,True,reg_10,request_scratch,cau100_afr0_asi0_10,regional_10,50,150,912,70,0,1,0.01,0.5545,0.001,0.98,50,40,2,0,1,0,0,0,1,0,0,1,19,0,1,4,12,1,2,17,44,0,0,2,39,0,0,-1700,421.9563903808594,34,0,0,34,0,0,0
552,True,reg_10,request_scratch,cau100_afr0_asi0_10,regional_10,50,150,912,70,0,1,0.01,0.5545,0.001,0.98,50,33,52,11,16,1,5,3,16,0,0,2,9,0,2,3,15,0,2,27,58,1,5,4,53,0,0,-2336,449.3883056640625,18,0,1436,18,0,0,0
553,True,reg_10,request_scratch,cau100_afr0_asi0_10,regional_10,50,150,912,70,0,1,0.01,0.5545,0.001,0.98,50,59,14,1,5,0,1,1,5,0,1,8,23,0,3,3,14,3,5,19,43,0,1,2,40,0,1,-2011,468.4934387207031,40,1,0,41,0,0,0
554,True,reg_10,request_scratch,cau100_afr0_asi0_10,regional_10,50,150,912,70,0,1,0.01,0.5545,0.001,0.98,50,74,52,13,14,1,2,1,21,0,0,4,24,0,8,2,36,0,0,25,54,1,2,1,56,0,0,-3764,436.5035705566406,44,1,1553,45,0,0,0
555,True,reg_10,request_scratch,cau100_afr0_asi0_10,regional_10,50,150,912,70,0,1,0.01,0.5545,0.001,0.98,50,70,5,1,3,0,0,0,1,0,0,1,22,0,9,4,33,0,1,19,39,0,0,0,44,0,0,-2989,547.5817260742188,59,1,28,60,0,0,0
556,True,reg_10,request_scratch,cau100_afr0_asi0_10,regional_10,50,150,912,70,0,1,0.01,0.5545,0.001,0.98,50,62,54,11,20,0,4,1,16,0,2,3,21,3,6,5,21,2,1,28,54,0,4,1,56,0,2,-3649,457.9866638183594,45,2,1377,47,0,0,0
557,True,reg_10,request_scratch,cau100_afr0_asi0_10,regional_10,50,150,912,70,0,1,0.01,0.5545,0.001,0.98,50,61,0,0,0,0,0,0,0,0,0,0,30,2,6,4,15,0,4,25,42,0,0,0,43,0,0,-2619,512.095703125,45,0,369,45,0,0,0
558,True,reg_10,request_scratch,cau100_afr0_asi0_10,regional_10,50,150,912,70,0,1,0.01,0.5545,0.001,0.98,50,19,59,11,20,1,5,5,16,1,0,0,9,0,4,4,2,0,0,27,57,1,5,5,54,1,0,-1097,475.466552734375,8,0,697,8,0,0,0
559,True,reg_10,request_scratch,cau100_afr0_asi0_10,regional_10,50,150,912,70,0,1,0.01,0.5545,0.001,0.98,50,28,0,0,0,0,0,0,0,0,0,3,1,0,0,12,12,0,0,23,43,0,0,5,33,0,0,-1328,561.0997924804688,24,0,128,24,0,0,0
560,True,reg_10,request_scratch,cau100_afr0_asi0_10,regional_10,50,150,912,70,0,1,0.01,0.5545,0.001,0.98,50,24,54,10,19,0,2,3,20,0,0,5,3,0,0,2,14,0,0,32,59,0,2,6,51,0,0,-1852,433.29888916015625,16,0,1052,16,0,0,0
561,True,reg_10,request_scratch,cau100_afr0_asi0_10,regional_10,50,150,912,70,0,1,0.01,0.5545,0.001,0.98,50,58,0,0,0,0,0,0,0,0,0,2,28,0,2,6,20,0,0,21,39,0,0,5,36,0,0,-2011,433.9549865722656,40,1,0,41,0,0,0
562,True,reg_10,request_scratch,cau100_afr0_asi0_10,regional_10,50,150,912,70,0,1,0.01,0.5545,0.001,0.98,50,46,67,12,26,0,5,5,18,1,0,1,16,2,3,6,16,0,2,29,58,0,5,8,49,1,0,-2579,385.95843505859375,26,0,1279,26,0,0,0
563,True,reg_10,request_scratch,cau100_afr0_asi0_10,regional_10,50,150,912,70,0,1,0.01,0.5545,0.001,0.98,50,34,0,0,0,0,0,0,0,0,0,2,11,0,7,0,10,0,4,22,45,0,0,3,38,0,0,-1000,402.5172119140625,20,0,0,20,0,0,0
564,True,reg_10,request_scratch,cau100_afr0_asi0_10,regional_10,50,150,912,70,0,1,0.01,0.5545,0.001,0.98,50,26,56,10,18,1,5,3,19,0,0,4,10,0,3,1,7,0,1,30,58,1,5,4,52,0,0,-1494,444.27850341796875,13,0,844,13,0,0,0
565,True,reg_10,request_scratch,cau100_afr0_asi0_10,regional_10,50,150,912,70,0,1,0.01,0.5545,0.001,0.98,50,10,0,0,0,0,0,0,0,0,0,0,6,0,2,0,2,0,0,22,44,0,0,4,37,0,0,-350,437.8584289550781,7,0,0,7,0,0,0
566,True,reg_10,request_scratch,cau100_afr0_asi0_10,regional_10,50,150,912,70,0,1,0.01,0.5545,0.001,0.98,50,30,46,5,16,0,2,5,18,0,0,2,16,0,3,0,8,0,1,27,59,0,2,8,54,0,0,-2777,445.9240417480469,24,0,1577,24,0,0,0
567,True,reg_10,request_scratch,cau100_afr0_asi0_10,regional_10,50,150,912,70,0,1,0.01,0.5545,0.001,0.98,50,30,13,2,8,0,0,0,3,0,0,1,8,0,0,0,21,0,0,17,42,0,0,7,40,0,0,-1150,517.6029663085938,23,0,0,23,0,0,0
568,True,reg_10,request_scratch,cau100_afr0_asi0_10,regional_10,50,150,912,70,0,1,0.01,0.5545,0.001,0.98,50,62,38,4,15,0,3,3,12,0,1,9,19,0,8,5,18,0,3,20,57,0,3,7,49,0,1,-4235,486.92779541015625,41,1,2174,42,0,0,0
569,True,reg_10,request_scratch,cau100_afr0_asi0_10,regional_10,50,150,912,70,0,1,0.01,0.5545,0.001,0.98,50,59,29,2,15,0,1,2,7,0,2,4,15,0,9,4,25,0,2,13,54,0,1,6,40,0,2,-2050,386.69293212890625,41,0,0,41,0,0,0
570,True,reg_10,request_scratch,cau100_afr0_asi0_10,regional_10,50,150,912,70,0,1,0.01,0.5545,0.001,0.98,50,55,28,2,7,0,3,1,14,0,1,6,23,2,1,1,22,0,0,10,59,0,3,1,52,0,1,-3410,347.7482604980469,38,0,1510,38,0,0,0
571,True,reg_10,request_scratch,cau100_afr0_asi0_10,regional_10,50,150,912,70,0,1,0.01,0.5545,0.001,0.98,50,42,43,3,19,0,3,2,16,0,0,1,16,2,5,3,15,0,0,6,64,0,3,2,52,0,0,-1683,358.1085205078125,27,1,322,28,0,0,0
572,True,reg_10,request_scratch,cau100_afr0_asi0_10,regional_10,50,150,912,70,0,1,0.01,0.5545,0.001,0.98,50,40,5,1,1,0,1,0,2,0,0,1,20,0,0,3,13,0,3,4,57,0,1,0,50,0,0,-2668,394.66748046875,33,0,1018,33,0,0,0
573,True,reg_10,request_scratch,cau100_afr0_asi0_10,regional_10,50,150,912,70,0,1,0.01,0.5545,0.001,0.98,50,15,66,9,19,0,4,5,26,2,1,1,10,0,0,0,2,0,2,9,61,0,4,5,65,2,1,-604,564.708984375,6,0,304,6,0,0,0
574,True,reg_10,request_scratch,cau100_afr0_asi0_10,regional_10,50,150,912,70,0,1,0.01,0.5545,0.001,0.98,50,74,0,0,0,0,0,0,0,0,0,3,23,0,13,2,29,0,4,8,46,0,0,5,58,2,0,-3909,516.0072021484375,55,0,1159,55,0,0,0
575,True,reg_10,request_scratch,cau100_afr0_asi0_10,regional_10,50,150,912,70,0,1,0.01,0.5545,0.001,0.98,50,90,62,11,25,2,6,4,12,0,2,8,28,0,9,7,32,2,4,12,64,2,6,8,56,0,2,-4981,448.1803894042969,53,2,2309,55,0,0,0
576,True,reg_10,request_scratch,cau100_afr0_asi0_10,regional_10,50,150,912,70,0,1,0.01,0.5545,0.001,0.98,50,81,10,1,1,0,1,2,5,0,0,2,20,1,6,12,36,2,2,7,46,0,1,5,45,0,0,-2888,361.93487548828125,56,4,44,60,0,0,0
577,True,reg_10,request_scratch,cau100_afr0_asi0_10,regional_10,50,150,912,70,0,1,0.01,0.5545,0.001,0.98,50,80,64,13,21,2,3,4,20,0,1,1,34,2,6,4,31,0,2,13,62,2,3,5,57,0,1,-5069,536.4802856445312,53,1,2408,54,0,0,0
578,True,reg_10,request_scratch,cau100_afr0_asi0_10,regional_10,50,150,912,70,0,1,0.01,0.5545,0.001,0.98,50,61,11,2,4,0,0,0,5,0,0,5,6,0,11,10,24,3,2,9,51,0,0,0,42,0,0,-2561,573.769287109375,51,1,0,52,0,0,0
579,True,reg_10,request_scratch,cau100_afr0_asi0_10,regional_10,50,150,912,70,0,1,0.01,0.5545,0.001,0.98,50,37,47,3,22,1,9,2,9,0,1,1,12,0,2,6,9,1,6,8,71,1,9,2,47,0,1,-1755,530.9928588867188,15,4,961,19,0,0,0
580,True,reg_10,request_scratch,cau100_afr0_asi0_10,regional_10,50,150,912,70,0,1,0.01,0.5545,0.001,0.98,50,28,22,4,10,2,1,4,1,0,0,0,18,0,0,3,7,0,0,11,58,2,1,4,40,0,0,-1056,497.22869873046875,18,0,156,18,0,0,0
581,True,reg_10,request_scratch,cau100_afr0_asi0_10,regional_10,50,150,912,70,0,1,0.01,0.5545,0.001,0.98,50,41,32,6,13,0,2,3,8,0,0,5,15,1,4,1,14,0,1,15,68,2,2,3,43,0,0,-3103,431.7275695800781,31,0,1553,31,0,0,0
582,True,reg_10,request_scratch,cau100_afr0_asi0_10,regional_10,50,150,912,70,0,1,0.01,0.5545,0.001,0.98,50,52,36,3,12,0,1,4,16,0,0,5,19,3,3,0,18,0,4,18,61,0,1,4,39,0,0,-2047,551.0648193359375,34,1,336,35,0,0,0
583,True,reg_10,request_scratch,cau100_afr0_asi0_10,regional_10,50,150,912,70,0,1,0.01,0.5545,0.001,0.98,50,57,16,1,8,0,0,2,5,0,0,8,20,2,5,4,17,0,1,13,65,0,0,2,39,0,0,-3413,486.9351501464844,38,1,1502,39,0,0,0
584,True,reg_10,request_scratch,cau100_afr0_asi0_10,regional_10,50,150,912,70,0,1,0.01,0.5545,0.001,0.98,50,71,56,8,17,0,7,5,19,0,0,5,36,4,4,4,17,0,1,15,60,0,7,5,49,0,0,-3010,488.0462646484375,47,1,649,48,0,0,0
585,True,reg_10,request_scratch,cau100_afr0_asi0_10,regional_10,50,150,912,70,0,1,0.01,0.5545,0.001,0.98,50,65,2,0,1,0,1,0,0,0,0,8,23,5,2,2,25,0,0,12,51,0,1,0,42,0,0,-3300,577.1925048828125,51,1,739,52,0,0,0
586,True,reg_10,request_scratch,cau100_afr0_asi0_10,regional_10,50,150,912,70,0,1,0.01,0.5545,0.001,0.98,50,28,68,15,18,0,4,4,27,0,0,3,6,0,0,4,15,0,0,19,56,0,4,4,66,0,0,-1699,474.341796875,19,1,738,20,0,0,0
587,True,reg_10,request_scratch,cau100_afr0_asi0_10,regional_10,50,150,912,70,0,1,0.01,0.5545,0.001,0.98,50,28,0,0,0,0,0,0,0,0,0,1,14,2,0,0,9,0,2,17,44,0,0,2,51,0,0,-1395,388.6952209472656,21,1,334,22,0,0,0
588,True,reg_10,request_scratch,cau100_afr0_asi0_10,regional_10,50,150,912,70,0,1,0.01,0.5545,0.001,0.98,50,42,54,11,22,1,1,2,16,0,1,3,20,0,2,1,14,2,0,25,58,1,1,2,62,0,1,-2688,413.0726318359375,26,1,1377,27,0,0,0
589,True,reg_10,request_scratch,cau100_afr0_asi0_10,regional_10,50,150,912,70,0,1,0.01,0.5545,0.001,0.98,50,54,0,0,0,0,0,0,0,0,0,0,15,2,3,7,22,0,5,21,41,0,0,0,43,0,0,-2033,317.8182067871094,40,1,22,41,0,0,0
590,True,reg_10,request_scratch,cau100_afr0_asi0_10,regional_10,50,150,912,70,0,1,0.01,0.5545,0.001,0.98,50,78,59,9,23,0,3,5,18,0,1,5,20,0,1,3,47,0,2,24,60,0,3,5,57,0,1,-5527,376.094482421875,56,0,2727,56,0,0,0
591,True,reg_10,request_scratch,cau100_afr0_asi0_10,regional_10,50,150,912,70,0,1,0.01,0.5545,0.001,0.98,50,87,0,0,0,0,0,0,0,0,0,2,28,2,2,5,41,1,6,20,45,0,0,1,34,0,0,-3383,411.517333984375,67,3,0,70,0,0,0
592,True,reg_10,request_scratch,cau100_afr0_asi0_10,regional_10,50,150,912,70,0,1,0.01,0.5545,0.001,0.98,50,66,70,13,28,4,3,4,17,0,1,4,23,0,5,3,30,0,1,28,65,4,3,4,45,0,1,-3479,483.5427551269531,40,2,1457,42,0,0,0
593,True,reg_10,request_scratch,cau100_afr0_asi0_10,regional_10,50,150,912,70,0,1,0.01,0.5545,0.001,0.98,50,23,0,0,0,0,0,0,0,0,0,1,13,0,0,2,6,0,1,22,51,0,0,0,35,0,0,-1050,484.5336608886719,21,0,0,21,0,0,0
594,True,reg_10,request_scratch,cau100_afr0_asi0_10,regional_10,50,150,912,70,0,1,0.01,0.5545,0.001,0.98,50,42,44,8,16,0,1,1,17,1,0,2,23,0,0,3,14,0,0,29,66,0,1,1,52,1,0,-3556,411.5594787597656,33,0,1906,33,0,0,0
595,True,reg_10,request_scratch,cau100_afr0_asi0_10,regional_10,50,150,912,70,0,1,0.01,0.5545,0.001,0.98,50,39,10,4,3,0,0,2,1,0,0,2,11,2,5,1,15,0,3,25,47,0,0,2,35,0,0,-1550,437.0047607421875,31,0,0,31,0,0,0
596,True,reg_10,request_scratch,cau100_afr0_asi0_10,regional_10,50,150,912,70,0,1,0.01,0.5545,0.001,0.98,50,43,41,8,18,1,1,1,11,1,0,6,18,0,4,2,13,0,0,30,63,1,1,1,45,1,0,-3375,383.738037109375,28,2,1953,30,0,0,0
597,True,reg_10,request_scratch,cau100_afr0_asi0_10,regional_10,50,150,912,70,0,1,0.01,0.5545,0.001,0.98,50,52,27,3,12,0,1,3,8,0,0,1,17,0,2,5,27,0,0,23,49,0,1,3,37,0,0,-2061,460.7073059082031,41,1,0,42,0,0,0
598,True,reg_10,request_scratch,cau100_afr0_asi0_10,regional_10,50,150,912,70,0,1,0.01,0.5545,0.001,0.98,50,45,25,6,7,1,0,2,9,0,0,2,25,0,0,2,16,0,0,27,52,1,0,2,45,0,0,-2775,492.3358154296875,30,0,1275,30,0,0,0
599,True,reg_10,request_scratch,cau100_afr0_asi0_10,regional_10,50,150,912,70,0,1,0.01,0.5545,0.001,0.98,50,57,38,6,15,1,1,3,12,0,0,2,20,3,10,4,18,0,0,27,55,1,1,3,41,0,0,-2059,504.0744323730469,38,1,148,39,0,0,0
600,True,reg_10,request_scratch,cau100_afr0_asi0_10,regional_10,50,150,912,70,0,1,0.01,0.5545,0.001,0.98,50,43,8,2,3,0,1,1,1,0,0,2,22,0,2,6,6,4,1,25,51,0,1,1,39,0,0,-2916,422.5422668457031,34,1,1205,35,0,0,0
601,True,reg_10,request_scratch,cau100_afr0_asi0_10,regional_10,50,150,912,70,0,1,0.01,0.5545,0.001,0.98,50,34,60,11,21,2,3,3,19,1,0,0,11,0,3,12,8,0,0,28,58,2,3,3,49,1,0,-1633,465.1953125,19,3,650,22,0,0,0
602,True,reg_10,request_scratch,cau100_afr0_asi0_10,regional_10,50,150,912,70,0,1,0.01,0.5545,0.001,0.98,50,66,0,0,0,0,0,0,0,0,0,2,25,0,4,6,27,0,2,25,46,0,0,1,41,0,0,-3780,569.298583984375,55,0,1030,55,0,0,0
603,True,reg_10,request_scratch,cau100_afr0_asi0_10,regional_10,50,150,912,70,0,1,0.01,0.5545,0.001,0.98,50,58,60,12,19,1,3,4,21,0,0,10,31,2,4,3,8,0,0,31,58,1,3,4,53,0,0,-3732,611.4373779296875,41,1,1671,42,0,0,0
604,True,reg_10,request_scratch,cau100_afr0_asi0_10,regional_10,50,150,912,70,0,1,0.01,0.5545,0.001,0.98,50,48,0,0,0,0,0,0,0,0,0,4,19,0,5,1,18,1,0,25,43,0,0,0,41,0,0,-1786,480.42144775390625,34,0,86,34,0,0,0
605,True,reg_10,request_scratch,cau100_afr0_asi0_10,regional_10,50,150,912,70,0,1,0.01,0.5545,0.001,0.98,50,75,55,9,21,1,6,0,18,0,0,4,24,0,10,7,30,0,0,29,59,1,6,0,55,0,0,-5097,501.2975769042969,50,1,2586,51,0,0,0
606,True,reg_10,request_scratch,cau100_afr0_asi0_10,regional_10,50,150,912,70,0,1,0.01,0.5545,0.001,0.98,50,60,4,0,2,0,0,0,2,0,0,7,18,2,4,4,22,0,3,19,42,0,0,0,41,0,0,-2450,544.1754760742188,49,0,0,49,0,0,0
607,True,reg_10,request_scratch,cau100_afr0_asi0_10,regional_10,50,150,912,70,0,1,0.01,0.5545,0.001,0.98,50,13,55,13,16,0,5,2,17,1,1,1,5,0,0,1,5,0,1,27,55,0,5,2,55,1,1,-692,489.7779235839844,3,4,498,7,0,0,0
608,True,reg_10,request_scratch,cau100_afr0_asi0_10,regional_10,50,150,912,70,0,1,0.01,0.5545,0.001,0.98,50,29,4,1,1,0,0,0,2,0,0,0,9,0,6,1,12,0,1,23,40,0,1,0,39,0,0,-1100,438.9898986816406,22,0,0,22,0,0,0
609,True,reg_10,request_scratch,cau100_afr0_asi0_10,regional_10,50,150,912,70,0,1,0.01,0.5545,0.001,0.98,50,37,50,8,21,2,2,2,15,0,0,2,9,2,4,5,12,0,3,29,59,2,2,2,52,0,0,-2731,486.58148193359375,26,2,1409,28,0,0,0
610,True,reg_10,request_scratch,cau100_afr0_asi0_10,regional_10,50,150,912,70,0,1,0.01,0.5545,0.001,0.98,50,73,6,1,2,0,1,2,0,0,0,10,34,0,6,5,18,0,0,23,42,1,1,2,36,0,0,-3091,412.9909973144531,58,0,191,58,0,0,0
611,True,reg_10,request_scratch,cau100_afr0_asi0_10,regional_10,50,150,912,70,0,1,0.01,0.5545,0.001,0.98,50,67,58,8,21,3,2,4,20,0,0,3,22,0,3,7,28,0,4,25,61,3,2,4,52,0,0,-4848,568.7413330078125,51,1,2287,52,0,0,0
612,True,reg_10,request_scratch,cau100_afr0_asi0_10,regional_10,50,150,912,70,0,1,0.01,0.5545,0.001,0.98,50,88,1,0,1,0,0,0,0,0,0,10,38,2,5,3,29,0,1,18,46,0,0,0,37,0,0,-3482,496.8101501464844,69,0,32,69,0,0,0
613,True,reg_10,request_scratch,cau100_afr0_asi0_10,regional_10,50,150,912,70,0,1,0.01,0.5545,0.001,0.98,50,68,67,13,19,0,9,8,18,0,0,2,33,4,3,6,18,0,2,25,59,0,9,8,48,0,0,-3750,476.2136535644531,42,2,1628,44,0,0,0
614,True,reg_10,request_scratch,cau100_afr0_asi0_10,regional_10,50,150,912,70,0,1,0.01,0.5545,0.001,0.98,50,40,0,0,0,0,0,0,0,0,0,4,12,4,4,3,12,0,1,17,43,0,0,5,38,0,0,-1463,665.9779052734375,28,1,52,29,0,0,0
615,True,reg_10,request_scratch,cau100_afr0_asi0_10,regional_10,50,150,912,70,0,1,0.01,0.5545,0.001,0.98,50,30,59,9,23,1,1,6,18,0,1,3,13,0,1,2,7,2,2,23,62,1,1,10,52,0,1,-1895,366.9941711425781,17,2,1023,19,0,0,0
616,True,reg_10,request_scratch,cau100_afr0_asi0_10,regional_10,50,150,912,70,0,1,0.01,0.5545,0.001,0.98,50,39,0,0,0,0,0,0,0,0,0,1,15,0,3,0,16,0,4,18,43,0,0,7,36,0,0,-1610,482.1741638183594,32,0,10,32,0,0,0
617,True,reg_10,request_scratch,cau100_afr0_asi0_10,regional_10,50,150,912,70,0,1,0.01,0.5545,0.001,0.98,50,65,53,12,18,0,2,3,17,0,1,4,20,3,6,7,21,0,4,29,59,0,2,9,50,0,1,-4530,382.5752258300781,47,3,2147,50,0,0,0
618,True,reg_10,request_scratch,cau100_afr0_asi0_10,regional_10,50,150,912,70,0,1,0.01,0.5545,0.001,0.98,50,98,0,0,0,0,0,0,0,0,0,7,31,1,6,5,45,0,3,21,41,0,0,8,35,0,0,-3761,445.8009338378906,75,1,0,76,0,0,0
619,True,reg_10,request_scratch,cau100_afr0_asi0_10,regional_10,50,150,912,70,0,1,0.01,0.5545,0.001,0.98,50,81,68,8,27,2,5,9,17,0,0,8,40,1,7,1,23,0,1,24,64,2,5,12,43,0,0,-4727,553.4642944335938,53,0,2077,53,0,0,0
620,True,reg_10,request_scratch,cau100_afr0_asi0_10,regional_10,50,150,912,70,0,1,0.01,0.5545,0.001,0.98,50,68,0,0,0,0,0,0,0,0,0,6,30,1,2,10,19,0,0,17,45,0,0,6,34,0,0,-2544,512.6216430664062,50,4,0,54,0,0,0
621,True,reg_10,request_scratch,cau100_afr0_asi0_10,regional_10,50,150,912,70,0,1,0.01,0.5545,0.001,0.98,50,23,66,8,24,3,4,6,19,1,1,4,8,0,3,4,1,0,3,23,65,3,4,6,47,1,1,-1196,500.5282287597656,11,0,646,11,0,0,0
622,True,reg_10,request_scratch,cau100_afr0_asi0_10,regional_10,50,150,912,70,0,1,0.01,0.5545,0.001,0.98,50,31,0,0,0,0,0,0,0,0,0,6,3,1,1,4,16,0,0,16,51,3,0,6,36,0,0,-1322,387.5285339355469,26,2,0,28,0,0,0
623,True,reg_10,request_scratch,cau100_afr0_asi0_10,regional_10,50,150,912,70,0,1,0.01,0.5545,0.001,0.98,50,83,43,6,19,1,3,3,11,0,0,7,16,2,5,8,37,3,5,22,66,3,3,9,47,0,0,-5739,501.4828796386719,51,1,3178,52,0,0,0
624,True,reg_10,request_scratch,cau100_afr0_asi0_10,regional_10,50,150,912,70,0,1,0.01,0.5545,0.001,0.98,50,86,20,3,7,0,2,2,6,0,0,8,24,2,5,6,40,0,1,17,50,0,2,6,36,0,0,-3022,490.6162414550781,60,2,0,62,0,0,0
625,True,reg_10,request_scratch,cau100_afr0_asi0_10,regional_10,50,150,912,70,0,1,0.01,0.5545,0.001,0.98,50,65,49,6,19,1,2,3,18,0,0,5,25,2,4,4,21,0,4,17,64,1,2,3,47,0,0,-3884,428.3771057128906,43,0,1734,43,0,0,0
626,True,reg_10,request_scratch,cau100_afr0_asi0_10,regional_10,50,150,912,70,0,1,0.01,0.5545,0.001,0.98,50,40,14,2,5,0,1,2,4,0,0,4,3,2,4,3,21,0,3,15,50,0,1,2,39,0,0,-1422,510.5242919921875,28,2,0,30,0,0,0
627,True,reg_10,request_scratch,cau100_afr0_asi0_10,regional_10,50,150,912,70,0,1,0.01,0.5545,0.001,0.98,50,30,44,9,14,1,4,2,11,1,2,0,9,0,2,3,16,0,0,22,62,1,4,2,45,1,2,-1672,501.0648193359375,19,0,722,19,0,0,0
628,True,reg_10,request_scratch,cau100_afr0_asi0_10,regional_10,50,150,912,70,0,1,0.01,0.5545,0.001,0.98,50,27,8,1,5,0,0,1,1,0,0,5,6,0,4,0,11,0,1,21,50,0,0,1,40,0,2,-1543,454.0954895019531,23,0,393,23,0,0,0
629,True,reg_10,request_scratch,cau100_afr0_asi0_10,regional_10,50,150,912,70,0,1,0.01,0.5545,0.001,0.98,50,47,47,9,14,0,5,1,15,0,3,0,17,0,8,10,12,0,0,27,57,0,5,1,49,0,4,-3105,582.6860961914062,27,3,1722,30,0,0,0
630,True,reg_10,request_scratch,cau100_afr0_asi0_10,regional_10,50,150,912,70,0,1,0.01,0.5545,0.001,0.98,50,50,20,2,6,0,4,2,6,0,0,4,18,2,3,2,19,0,2,23,44,0,4,2,37,0,1,-2242,435.2571716308594,36,1,431,37,0,0,0
631,True,reg_10,request_scratch,cau100_afr0_asi0_10,regional_10,50,150,912,70,0,1,0.01,0.5545,0.001,0.98,50,48,44,6,19,0,1,2,16,0,0,0,14,0,5,4,25,0,0,27,58,0,1,2,48,0,0,-3592,393.380615234375,42,0,1492,42,0,0,0
632,True,reg_10,request_scratch,cau100_afr0_asi0_10,regional_10,50,150,912,70,0,1,0.01,0.5545,0.001,0.98,50,67,7,1,4,0,0,0,2,0,0,2,20,0,5,5,30,0,5,19,48,0,0,1,40,0,0,-2639,576.8728637695312,49,1,178,50,0,0,0
633,True,reg_10,request_scratch,cau100_afr0_asi0_10,regional_10,50,150,912,70,0,1,0.01,0.5545,0.001,0.98,50,98,53,10,23,1,2,0,15,1,1,12,31,2,6,8,39,0,0,25,65,1,2,0,48,1,1,-5365,435.6666259765625,72,2,1743,74,0,0,0
634,True,reg_10,request_scratch,cau100_afr0_asi0_10,regional_10,50,150,912,70,0,1,0.01,0.5545,0.001,0.98,50,64,0,0,0,0,0,0,0,0,0,7,21,1,2,0,24,4,5,15,52,0,0,0,39,0,0,-3038,405.14874267578125,50,0,538,50,0,0,0
635,True,reg_10,request_scratch,cau100_afr0_asi0_10,regional_10,50,150,912,70,0,1,0.01,0.5545,0.001,0.98,50,21,62,6,25,0,6,5,20,0,0,0,2,0,2,9,7,0,1,15,71,0,6,5,53,0,0,-1092,594.1422729492188,7,6,676,13,0,0,0
636,True,reg_10,request_scratch,cau100_afr0_asi0_10,regional_10,50,150,912,70,0,1,0.01,0.5545,0.001,0.98,50,33,0,0,0,0,0,0,0,0,0,0,17,0,4,3,6,3,0,14,52,0,0,4,37,0,0,-1455,548.0719604492188,27,0,105,27,0,0,0
637,True,reg_10,request_scratch,cau100_afr0_asi0_10,regional_10,50,150,912,70,0,1,0.01,0.5545,0.001,0.98,50,49,51,10,16,1,6,2,15,0,1,4,13,2,4,3,22,0,1,23,64,1,6,5,50,0,1,-3712,565.038818359375,32,0,2112,32,0,0,0
638,True,reg_10,request_scratch,cau100_afr0_asi0_10,regional_10,50,150,912,70,0,1,0.01,0.5545,0.001,0.98,50,44,15,2,4,1,1,2,5,0,0,2,15,0,4,5,18,0,0,18,45,1,1,3,40,0,0,-1722,494.49267578125,34,2,0,36,0,0,0
639,True,reg_10,request_scratch,cau100_afr0_asi0_10,regional_10,50,150,912,70,0,1,0.01,0.5545,0.001,0.98,50,26,41,6,18,0,3,2,12,0,0,0,15,0,2,1,8,0,0,23,60,0,3,2,51,0,0,-2009,419.6296691894531,17,0,1159,17,0,0,0
640,True,reg_10,request_scratch,cau100_afr0_asi0_10,regional_10,50,150,912,70,0,1,0.01,0.5545,0.001,0.98,50,51,26,0,11,1,2,2,10,0,0,2,16,0,4,4,23,0,2,18,49,1,2,2,42,0,0,-1800,615.5794067382812,36,0,0,36,0,0,0
641,True,reg_10,request_scratch,cau100_afr0_asi0_10,regional_10,50,150,912,70,0,1,0.01,0.5545,0.001,0.98,50,26,30,3,11,0,5,1,10,0,0,0,9,0,9,1,5,0,2,17,57,0,5,1,49,0,0,-1658,492.22967529296875,18,0,758,18,0,0,0
642,True,reg_10,request_scratch,cau100_afr0_asi0_10,regional_10,50,150,912,70,0,1,0.01,0.5545,0.001,0.98,50,23,34,7,14,0,3,2,8,0,0,2,11,0,0,0,9,0,1,18,58,0,3,2,45,0,0,-902,428.9944763183594,14,0,202,14,0,0,0
643,True,reg_10,request_scratch,cau100_afr0_asi0_10,regional_10,50,150,912,70,0,1,0.01,0.5545,0.001,0.98,50,23,11,3,4,0,1,0,3,0,0,2,4,0,3,2,12,0,0,19,58,0,1,0,43,0,0,-1485,415.0477600097656,15,1,724,16,0,0,0
644,True,reg_10,request_scratch,cau100_afr0_asi0_10,regional_10,50,150,912,70,0,1,0.01,0.5545,0.001,0.98,50,30,56,9,16,0,7,6,16,2,0,3,15,0,1,2,9,0,0,22,56,0,7,6,47,2,0,-1200,523.9597778320312,13,1,539,14,0,0,0
645,True,reg_10,request_scratch,cau100_afr0_asi0_10,regional_10,50,150,912,70,0,1,0.01,0.5545,0.001,0.98,50,51,0,0,0,0,0,0,0,0,0,5,25,0,2,8,9,0,2,21,45,0,0,4,37,0,0,-2914,459.4787292480469,38,2,992,40,0,0,0
646,True,reg_10,request_scratch,cau100_afr0_asi0_10,regional_10,50,150,912,70,0,1,0.01,0.5545,0.001,0.98,50,88,70,14,27,0,3,6,20,0,0,7,31,2,0,10,33,1,4,32,61,0,3,7,47,0,0,-4666,547.5241088867188,59,3,1683,62,0,0,0
647,True,reg_10,request_scratch,cau100_afr0_asi0_10,regional_10,50,150,912,70,0,1,0.01,0.5545,0.001,0.98,50,78,0,0,0,0,0,0,0,0,0,12,20,0,9,3,31,0,3,24,47,0,0,5,35,0,0,-3124,473.01593017578125,58,0,224,58,0,0,0
648,True,reg_10,request_scratch,cau100_afr0_asi0_10,regional_10,50,150,912,70,0,1,0.01,0.5545,0.001,0.98,50,84,60,14,26,1,3,5,11,0,0,3,32,2,11,0,36,0,0,29,69,1,3,5,43,0,0,-5022,406.9081115722656,62,0,1922,62,0,0,0
649,True,reg_10,request_scratch,cau100_afr0_asi0_10,regional_10,50,150,912,70,0,1,0.01,0.5545,0.001,0.98,50,37,0,0,0,0,0,0,0,0,0,4,21,2,1,0,7,0,2,25,53,0,0,0,31,0,0,-1550,662.853759765625,31,0,0,31,0,0,0
650,True,reg_10,request_scratch,cau100_afr0_asi0_10,regional_10,50,150,912,70,0,1,0.01,0.5545,0.001,0.98,50,33,47,6,16,1,1,5,17,0,1,0,10,0,5,2,13,0,3,29,66,1,1,5,47,0,1,-2896,403.26007080078125,25,0,1646,25,0,0,0
651,True,reg_10,request_scratch,cau100_afr0_asi0_10,regional_10,50,150,912,70,0,1,0.01,0.5545,0.001,0.98,50,40,13,4,4,0,1,0,4,0,0,0,11,0,5,4,18,0,2,24,46,0,1,4,32,0,0,-1461,555.8948974609375,29,1,0,30,0,0,0
652,True,reg_10,request_scratch,cau100_afr0_asi0_10,regional_10,50,150,912,70,0,1,0.01,0.5545,0.001,0.98,50,67,42,9,15,1,1,0,15,1,0,2,36,2,4,6,17,0,0,31,58,1,1,2,44,1,0,-4747,469.33795166015625,47,2,2375,49,0,0,0
653,True,reg_10,request_scratch,cau100_afr0_asi0_10,regional_10,50,150,912,70,0,1,0.01,0.5545,0.001,0.98,50,74,21,3,8,0,0,1,9,0,0,4,24,2,10,9,23,0,2,22,43,0,0,1,45,0,0,-2972,362.9867858886719,59,2,0,61,0,0,0
654,True,reg_10,request_scratch,cau100_afr0_asi0_10,regional_10,50,150,912,70,0,1,0.01,0.5545,0.001,0.98,50,50,34,6,18,0,1,1,8,0,0,5,20,0,11,4,10,0,0,22,58,0,1,1,48,0,0,-2732,553.6170654296875,33,1,1071,34,0,0,0
655,True,reg_10,request_scratch,cau100_afr0_asi0_10,regional_10,50,150,912,70,0,1,0.01,0.5545,0.001,0.98,50,43,22,3,5,0,2,1,10,0,1,1,19,0,3,5,12,0,3,18,50,0,2,1,46,0,1,-1708,545.4299926757812,29,0,258,29,0,0,0
656,True,reg_10,request_scratch,cau100_afr0_asi0_10,regional_10,50,150,912,70,0,1,0.01,0.5545,0.001,0.98,50,27,33,6,8,1,1,5,12,0,0,3,10,2,1,4,5,0,2,17,54,1,1,5,54,0,0,-1360,472.77679443359375,13,2,688,15,0,0,0
657,True,reg_10,request_scratch,cau100_afr0_asi0_10,regional_10,50,150,912,70,0,1,0.01,0.5545,0.001,0.98,50,36,26,6,8,0,1,1,8,1,1,4,12,0,1,0,17,0,2,22,47,0,1,3,47,1,1,-1512,435.5981140136719,21,0,462,21,0,0,0
658,True,reg_10,request_scratch,cau100_afr0_asi0_10,regional_10,50,150,912,70,0,1,0.01,0.5545,0.001,0.98,50,57,29,3,9,0,3,2,10,1,1,4,21,0,3,1,28,0,0,23,48,0,3,3,48,1,1,-3414,445.5589599609375,37,0,1564,37,0,0,0
659,True,reg_10,request_scratch,cau100_afr0_asi0_10,regional_10,50,150,912,70,0,1,0.01,0.5545,0.001,0.98,50,51,40,8,13,0,6,1,12,0,0,5,27,1,0,0,14,0,4,24,43,0,6,2,52,0,0,-2062,437.5554504394531,30,0,562,30,0,0,0
660,True,reg_10,request_scratch,cau100_afr0_asi0_10,regional_10,50,150,912,70,0,1,0.01,0.5545,0.001,0.98,50,50,18,2,7,0,1,1,7,0,0,3,21,0,2,6,16,0,2,24,42,0,1,1,49,0,0,-2718,430.07269287109375,38,2,796,40,0,0,0
661,True,reg_10,request_scratch,cau100_afr0_asi0_10,regional_10,50,150,912,70,0,1,0.01,0.5545,0.001,0.98,50,48,39,2,18,1,1,3,14,0,0,7,11,2,7,3,18,0,0,21,55,1,1,4,51,0,0,-2509,529.899658203125,33,1,848,34,0,0,0
662,True,reg_10,request_scratch,cau100_afr0_asi0_10,regional_10,50,150,912,70,0,1,0.01,0.5545,0.001,0.98,50,56,11,1,6,0,0,0,4,0,0,3,21,0,5,2,23,0,2,16,53,0,0,0,47,0,0,-3336,500.36859130859375,47,1,975,48,0,0,0
663,True,reg_10,request_scratch,cau100_afr0_asi0_10,regional_10,50,150,912,70,0,1,0.01,0.5545,0.001,0.98,50,34,45,3,20,1,2,4,15,0,0,3,12,3,4,0,10,0,2,16,64,1,2,4,52,0,0,-2013,374.5390625,21,0,963,21,0,0,0
664,True,reg_10,request_scratch,cau100_afr0_asi0_10,regional_10,50,150,912,70,0,1,0.01,0.5545,0.001,0.98,50,18,9,2,4,0,0,0,3,0,0,0,6,0,3,0,6,0,3,10,55,0,0,2,43,0,0,-955,382.243896484375,14,0,255,14,0,0,0
665,True,reg_10,request_scratch,cau100_afr0_asi0_10,regional_10,50,150,912,70,0,1,0.01,0.5545,0.001,0.98,50,66,47,5,18,2,1,3,18,0,0,4,19,0,4,7,29,0,3,13,66,2,1,5,54,0,0,-4088,462.4573669433594,43,1,1927,44,0,0,0
666,True,reg_10,request_scratch,cau100_afr0_asi0_10,regional_10,50,150,912,70,0,1,0.01,0.5545,0.001,0.98,50,69,14,6,2,0,0,0,6,0,0,2,24,0,3,2,34,0,4,10,50,0,0,2,46,0,0,-2865,629.501953125,50,1,354,51,0,0,0
667,True,reg_10,request_scratch,cau100_afr0_asi0_10,regional_10,50,150,912,70,0,1,0.01,0.5545,0.001,0.98,50,91,47,7,17,0,1,7,15,0,0,4,39,0,8,9,27,0,4,13,60,0,1,7,55,0,0,-5705,653.7528076171875,68,1,2294,69,0,0,0
668,True,reg_10,request_scratch,cau100_afr0_asi0_10,regional_10,50,150,912,70,0,1,0.01,0.5545,0.001,0.98,50,56,11,0,4,0,0,1,5,0,1,5,17,2,4,1,25,0,2,6,45,0,0,7,47,0,1,-2310,477.5224609375,42,1,199,43,0,0,0
669,True,reg_10,request_scratch,cau100_afr0_asi0_10,regional_10,50,150,912,70,0,1,0.01,0.5545,0.001,0.98,50,52,50,9,24,1,3,2,9,0,2,5,21,2,4,9,11,0,0,11,61,1,3,9,53,0,2,-2828,425.0963439941406,28,2,1406,30,0,0,0
670,True,reg_10,request_scratch,cau100_afr0_asi0_10,regional_10,50,150,912,70,0,1,0.01,0.5545,0.001,0.98,50,12,19,2,8,0,0,4,5,0,0,0,3,0,0,2,7,0,0,7,55,0,0,8,40,0,0,-646,388.5727233886719,11,0,96,11,0,0,0
671,True,reg_10,request_scratch,cau100_afr0_asi0_10,regional_10,50,150,912,70,0,1,0.01,0.5545,0.001,0.98,50,35,30,4,16,0,0,3,7,0,0,4,10,0,0,2,19,0,0,11,69,0,0,10,41,0,0,-2521,393.6883850097656,29,0,1071,29,0,0,0
672,True,reg_10,request_scratch,cau100_afr0_asi0_10,regional_10,50,150,912,70,0,1,0.01,0.5545,0.001,0.98,50,52,23,2,11,0,2,0,7,0,1,2,13,2,3,10,17,0,5,13,63,0,2,8,33,0,1,-2249,550.9523315429688,38,1,338,39,0,0,0
673,True,reg_10,request_scratch,cau100_afr0_asi0_10,regional_10,50,150,912,70,0,1,0.01,0.5545,0.001,0.98,50,58,30,6,14,0,1,3,6,0,0,4,19,3,1,0,23,2,6,16,73,0,1,6,34,0,0,-3442,598.618408203125,37,1,1581,38,0,0,0
674,True,reg_10,request_scratch,cau100_afr0_asi0_10,regional_10,50,150,912,70,0,1,0.01,0.5545,0.001,0.98,50,107,37,4,17,0,2,5,9,0,0,2,39,0,13,0,46,1,6,15,66,0,2,6,34,0,0,-4638,580.3609008789062,81,0,588,81,0,0,0
675,True,reg_10,request_scratch,cau100_afr0_asi0_10,regional_10,50,150,912,70,0,1,0.01,0.5545,0.001,0.98,50,76,20,0,10,0,0,0,10,0,0,3,35,0,7,7,22,0,2,9,66,0,0,3,39,0,0,-4368,618.8045654296875,60,1,1357,61,0,0,0
676,True,reg_10,request_scratch,cau100_afr0_asi0_10,regional_10,50,150,912,70,0,1,0.01,0.5545,0.001,0.98,50,48,44,4,24,0,3,0,12,0,1,5,13,0,2,1,23,0,4,6,76,0,3,0,44,0,1,-2621,485.8690185546875,37,0,771,37,0,0,0
677,True,reg_10,request_scratch,cau100_afr0_asi0_10,regional_10,50,150,912,70,0,1,0.01,0.5545,0.001,0.98,50,13,6,0,4,0,0,2,0,0,0,6,0,0,0,1,4,0,2,3,69,0,0,2,37,0,0,-848,334.6470947265625,12,0,248,12,0,0,0
678,True,reg_10,request_scratch,cau100_afr0_asi0_10,regional_10,50,150,912,70,0,1,0.01,0.5545,0.001,0.98,50,49,53,5,13,0,8,3,23,0,1,6,16,0,2,9,16,0,0,8,68,0,8,5,54,0,1,-2561,468.1725158691406,30,1,1050,31,0,0,0
679,True,reg_10,request_scratch,cau100_afr0_asi0_10,regional_10,50,150,912,70,0,1,0.01,0.5545,0.001,0.98,50,58,1,1,0,0,0,0,0,0,0,10,15,0,9,1,23,0,0,7,51,0,0,3,45,0,0,-3255,537.1085205078125,46,0,955,46,0,0,0
680,True,reg_10,request_scratch,cau100_afr0_asi0_10,regional_10,50,150,912,70,0,1,0.01,0.5545,0.001,0.98,50,81,69,9,25,2,3,8,21,0,1,3,27,0,13,7,28,0,3,13,66,2,3,8,56,0,1,-5392,536.8574829101562,54,2,2670,56,0,0,0
681,True,reg_10,request_scratch,cau100_afr0_asi0_10,regional_10,50,150,912,70,0,1,0.01,0.5545,0.001,0.98,50,87,0,0,0,0,0,0,0,0,0,4,31,1,10,5,36,0,0,6,42,0,0,3,44,0,0,-3526,459.2959289550781,67,1,165,68,0,0,0
682,True,reg_10,request_scratch,cau100_afr0_asi0_10,regional_10,50,150,912,70,0,1,0.01,0.5545,0.001,0.98,50,76,75,8,27,0,7,10,22,0,1,2,19,0,7,11,32,2,3,8,64,0,7,10,60,0,1,-4136,526.43701171875,49,0,1686,49,0,0,0
683,True,reg_10,request_scratch,cau100_afr0_asi0_10,regional_10,50,150,912,70,0,1,0.01,0.5545,0.001,0.98,50,77,0,0,0,0,0,0,0,0,0,7,33,0,3,1,29,0,4,5,52,0,0,6,43,0,0,-2850,473.2795104980469,57,0,0,57,0,0,0
684,True,reg_10,request_scratch,cau100_afr0_asi0_10,regional_10,50,150,912,70,0,1,0.01,0.5545,0.001,0.98,50,32,64,15,24,1,3,6,15,0,0,3,9,0,5,3,12,0,0,15,70,1,3,8,53,0,0,-1927,503.5118713378906,17,0,1077,17,0,0,0
685,True,reg_10,request_scratch,cau100_afr0_asi0_10,regional_10,50,150,912,70,0,1,0.01,0.5545,0.001,0.98,50,30,0,0,0,0,0,0,0,0,0,0,6,0,2,8,12,0,2,11,51,0,0,5,37,0,0,-1311,513.9207153320312,26,1,0,27,0,0,0
686,True,reg_10,request_scratch,cau100_afr0_asi0_10,regional_10,50,150,912,70,0,1,0.01,0.5545,0.001,0.98,50,35,50,12,20,0,3,2,13,0,0,5,16,0,4,4,4,0,2,22,70,0,3,6,49,0,0,-2782,497.39984130859375,25,0,1532,25,0,0,0
687,True,reg_10,request_scratch,cau100_afr0_asi0_10,regional_10,50,150,912,70,0,1,0.01,0.5545,0.001,0.98,50,53,4,1,2,0,0,0,1,0,0,4,18,1,8,4,18,0,0,22,46,0,0,6,29,0,0,-2150,435.2283630371094,43,0,0,43,0,0,0
688,True,reg_10,request_scratch,cau100_afr0_asi0_10,regional_10,50,150,912,70,0,1,0.01,0.5545,0.001,0.98,50,38,53,5,25,1,3,4,14,1,0,1,22,0,2,1,10,0,2,23,68,1,3,8,42,1,0,-2244,336.64788818359375,17,1,1383,18,0,0,0
689,True,reg_10,request_scratch,cau100_afr0_asi0_10,regional_10,50,150,912,70,0,1,0.01,0.5545,0.001,0.98,50,40,11,0,2,0,0,1,8,0,0,4,10,0,3,0,15,3,5,18,49,0,0,2,36,0,0,-1461,443.53662109375,29,1,0,30,0,0,0
690,True,reg_10,request_scratch,cau100_afr0_asi0_10,regional_10,50,150,912,70,0,1,0.01,0.5545,0.001,0.98,50,32,46,8,13,2,5,3,15,0,0,2,11,0,2,0,14,1,2,24,60,2,5,3,46,0,0,-2122,423.8410339355469,20,0,1122,20,0,0,0
691,True,reg_10,request_scratch,cau100_afr0_asi0_10,regional_10,50,150,912,70,0,1,0.01,0.5545,0.001,0.98,50,27,18,1,6,0,1,4,5,0,1,4,10,0,2,0,11,0,0,15,48,1,1,4,43,0,1,-970,374.6672668457031,18,1,59,19,0,0,0
692,True,reg_10,request_scratch,cau100_afr0_asi0_10,regional_10,50,150,912,70,0,1,0.01,0.5545,0.001,0.98,50,41,31,5,16,1,1,2,6,0,0,5,13,0,4,3,16,0,0,19,61,1,1,5,48,0,0,-2930,504.1291198730469,28,0,1530,28,0,0,0
693,True,reg_10,request_scratch,cau100_afr0_asi0_10,regional_10,50,150,912,70,0,1,0.01,0.5545,0.001,0.98,50,39,31,5,9,1,4,2,9,0,1,4,6,0,2,8,17,0,2,19,46,1,4,7,43,0,1,-1450,348.2164001464844,23,1,289,24,0,0,0
694,True,reg_10,request_scratch,cau100_afr0_asi0_10,regional_10,50,150,912,70,0,1,0.01,0.5545,0.001,0.98,50,55,26,7,12,2,0,1,4,0,0,10,15,1,0,3,25,0,1,22,56,2,0,6,39,0,0,-3171,544.072509765625,35,1,1410,36,0,0,0
695,True,reg_10,request_scratch,cau100_afr0_asi0_10,regional_10,50,150,912,70,0,1,0.01,0.5545,0.001,0.98,50,46,40,2,14,2,3,2,15,0,2,0,26,0,4,3,13,0,0,20,57,2,3,3,39,0,2,-1752,326.7132263183594,26,1,441,27,0,0,0
696,True,reg_10,request_scratch,cau100_afr0_asi0_10,regional_10,50,150,912,70,0,1,0.01,0.5545,0.001,0.98,50,70,19,4,6,1,0,3,5,0,0,8,31,3,3,11,14,0,0,19,57,1,0,3,39,0,0,-3087,305.22222900390625,37,3,1204,40,0,0,0
697,True,reg_10,request_scratch,cau100_afr0_asi0_10,regional_10,50,150,912,70,0,1,0.01,0.5545,0.001,0.98,50,47,66,9,23,1,7,4,21,0,1,5,22,0,2,5,11,0,2,9,64,1,7,4,53,0,1,-1748,596.048828125,21,2,676,23,0,0,0
698,True,reg_10,request_scratch,cau100_afr0_asi0_10,regional_10,50,150,912,70,0,1,0.01,0.5545,0.001,0.98,50,32,4,1,2,0,0,0,1,0,0,3,12,0,2,0,13,0,2,1,57,0,0,1,46,0,0,-1882,341.3640441894531,28,0,482,28,0,0,0
699,True,reg_10,request_scratch,cau100_afr0_asi0_10,regional_10,50,150,912,70,0,1,0.01,0.5545,0.001,0.98,50,24,60,12,19,1,7,4,16,0,1,3,10,0,0,2,9,0,0,12,64,1,7,4,58,0,1,-878,573.5255737304688,5,0,628,5,0,0,0
700,True,reg_10,request_scratch,cau100_afr0_asi0_10,regional_10,50,150,912,70,0,1,0.01,0.5545,0.001,0.98,50,33,2,0,2,0,0,0,0,0,0,5,15,0,2,2,9,0,0,0,52,0,7,3,43,0,0,-1428,427.9226379394531,23,0,278,23,0,0,0
701,True,reg_10,request_scratch,cau100_afr0_asi0_10,regional_10,50,150,912,70,0,1,0.01,0.5545,0.001,0.98,50,78,60,6,25,1,2,3,22,0,1,0,27,2,7,11,29,0,2,6,71,1,6,3,60,0,1,-5281,510.15283203125,45,10,2921,55,0,0,0
702,True,reg_10,request_scratch,cau100_afr0_asi0_10,regional_10,50,150,912,70,0,1,0.01,0.5545,0.001,0.98,50,55,16,1,5,1,1,2,5,1,0,1,18,1,3,1,27,1,3,1,53,1,1,2,44,1,0,-2120,419.72271728515625,41,2,48,43,0,0,0
703,True,reg_10,request_scratch,cau100_afr0_asi0_10,regional_10,50,150,912,70,0,1,0.01,0.5545,0.001,0.98,50,52,51,8,24,0,3,1,15,0,0,2,16,0,7,2,23,0,2,8,74,0,3,1,54,0,0,-2961,505.1150817871094,32,1,1350,33,0,0,0
704,True,reg_10,request_scratch,cau100_afr0_asi0_10,regional_10,50,150,912,70,0,1,0.01,0.5545,0.001,0.98,50,35,13,3,1,1,2,0,5,0,1,2,12,1,1,1,11,0,7,3,57,1,2,0,47,0,1,-1132,397.9301452636719,21,2,60,23,0,0,0
705,True,reg_10,request_scratch,cau100_afr0_asi0_10,regional_10,50,150,912,70,0,1,0.01,0.5545,0.001,0.98,50,15,47,9,15,1,3,3,16,0,0,0,9,0,0,0,6,0,0,9,70,1,3,3,58,0,0,-830,376.78839111328125,4,0,630,4,0,0,0
706,True,reg_10,request_scratch,cau100_afr0_asi0_10,regional_10,50,150,912,70,0,1,0.01,0.5545,0.001,0.98,50,10,23,2,10,0,2,0,8,0,1,2,2,0,0,0,6,0,0,2,55,0,4,3,49,0,1,-333,451.3468322753906,5,0,83,5,0,0,0
707,True,reg_10,request_scratch,cau100_afr0_asi0_10,regional_10,50,150,912,70,0,1,0.01,0.5545,0.001,0.98,50,35,29,4,14,0,0,2,9,0,0,4,7,1,1,0,22,0,0,4,64,0,4,5,53,0,0,-2305,601.2327880859375,20,3,1272,23,0,0,0
708,True,reg_10,request_scratch,cau100_afr0_asi0_10,regional_10,50,150,912,70,0,1,0.01,0.5545,0.001,0.98,50,53,44,5,14,1,2,11,11,0,0,8,18,1,2,4,17,1,2,5,54,1,3,13,49,0,0,-1988,431.0525817871094,35,2,216,37,0,0,0
709,True,reg_10,request_scratch,cau100_afr0_asi0_10,regional_10,50,150,912,70,0,1,0.01,0.5545,0.001,0.98,50,59,7,0,3,0,0,0,3,1,0,7,29,1,2,6,10,2,2,0,51,0,2,11,47,1,0,-3391,433.7479248046875,42,1,1280,43,0,0,0
710,True,reg_10,request_scratch,cau100_afr0_asi0_10,regional_10,50,150,912,70,0,1,0.01,0.5545,0.001,0.98,50,61,66,10,27,0,1,3,25,0,0,9,27,0,6,4,15,0,0,10,68,0,1,9,56,0,0,-2924,330.80377197265625,42,0,824,42,0,0,0
711,True,reg_10,request_scratch,cau100_afr0_asi0_10,regional_10,50,150,912,70,0,1,0.01,0.5545,0.001,0.98,50,35,0,0,0,0,0,0,0,0,0,7,13,0,0,7,8,0,0,0,58,0,0,9,48,0,0,-2220,415.42510986328125,29,1,759,30,0,0,0
712,True,reg_10,request_scratch,cau100_afr0_asi0_10,regional_10,50,150,912,70,0,1,0.01,0.5545,0.001,0.98,50,21,62,7,32,0,4,3,14,1,1,4,3,0,2,2,6,0,4,7,76,0,4,8,53,1,1,-1051,503.3478698730469,10,0,551,10,0,0,0
713,True,reg_10,request_scratch,cau100_afr0_asi0_10,regional_10,50,150,912,70,0,1,0.01,0.5545,0.001,0.98,50,16,0,0,0,0,0,0,0,0,0,0,9,0,1,0,6,0,0,0,62,0,4,6,42,0,0,-650,526.357421875,12,0,50,12,0,0,0
714,True,reg_10,request_scratch,cau100_afr0_asi0_10,regional_10,50,150,912,70,0,1,0.01,0.5545,0.001,0.98,50,36,42,3,18,0,1,2,16,1,1,2,15,0,2,3,8,0,6,3,77,0,5,8,55,1,1,-2945,511.67034912109375,23,0,1795,23,0,0,0
715,True,reg_10,request_scratch,cau100_afr0_asi0_10,regional_10,50,150,912,70,0,1,0.01,0.5545,0.001,0.98,50,58,23,3,5,0,2,2,11,0,0,4,20,2,0,13,19,0,0,3,55,0,7,7,41,0,0,-1955,459.7529602050781,38,5,0,43,0,0,0
716,True,reg_10,request_scratch,cau100_afr0_asi0_10,regional_10,50,150,912,70,0,1,0.01,0.5545,0.001,0.98,50,39,39,8,18,1,0,2,10,0,0,2,12,0,5,2,13,2,3,8,70,1,0,7,46,0,0,-2352,554.5787353515625,20,0,1352,20,0,0,0
717,True,reg_10,request_scratch,cau100_afr0_asi0_10,regional_10,50,150,912,70,0,1,0.01,0.5545,0.001,0.98,50,42,38,2,12,0,3,9,11,1,0,6,9,0,5,3,17,0,2,2,53,0,3,13,48,1,0,-1511,440.066162109375,30,1,0,31,0,0,0
718,True,reg_10,request_scratch,cau100_afr0_asi0_10,regional_10,50,150,912,70,0,1,0.01,0.5545,0.001,0.98,50,54,10,0,6,0,0,1,3,0,0,4,15,0,4,3,22,2,4,0,56,0,0,11,51,0,0,-3636,423.42724609375,43,0,1486,43,0,0,0
719,True,reg_10,request_scratch,cau100_afr0_asi0_10,regional_10,50,150,912,70,0,1,0.01,0.5545,0.001,0.98,50,37,58,7,18,1,5,7,18,1,1,1,12,2,3,2,15,2,0,7,59,1,5,13,53,1,1,-1444,415.1129455566406,18,2,522,20,0,0,0
720,True,reg_10,request_scratch,cau100_afr0_asi0_10,regional_10,50,150,912,70,0,1,0.01,0.5545,0.001,0.98,50,12,0,0,0,0,0,0,0,0,0,0,2,0,0,0,6,0,4,0,54,0,2,11,42,0,0,-827,420.8523254394531,10,0,327,10,0,0,0
721,True,reg_10,request_scratch,cau100_afr0_asi0_10,regional_10,50,150,912,70,0,1,0.01,0.5545,0.001,0.98,50,37,69,17,25,1,0,2,24,0,0,0,4,0,3,2,25,0,3,17,61,1,2,13,56,0,0,-1120,466.1976013183594,7,3,737,10,0,0,0
722,True,reg_10,request_scratch,cau100_afr0_asi0_10,regional_10,50,150,912,70,0,1,0.01,0.5545,0.001,0.98,50,76,0,0,0,0,0,0,0,0,0,9,20,3,7,4,29,1,3,0,49,0,0,10,45,0,0,-3793,380.9090576171875,66,1,482,67,0,0,0
723,True,reg_10,request_scratch,cau100_afr0_asi0_10,regional_10,50,150,912,70,0,1,0.01,0.5545,0.001,0.98,50,93,59,10,25,1,0,3,20,0,0,7,28,0,4,6,47,0,1,10,68,1,0,9,62,0,0,-6180,567.8446655273438,64,0,2980,64,0,0,0
724,True,reg_10,request_scratch,cau100_afr0_asi0_10,regional_10,50,150,912,70,0,1,0.01,0.5545,0.001,0.98,50,101,9,0,2,0,1,2,3,1,0,6,46,2,6,8,33,0,0,0,52,0,1,3,47,1,0,-4111,441.2883605957031,82,1,0,83,0,0,0
725,True,reg_10,request_scratch,cau100_afr0_asi0_10,regional_10,50,150,912,70,0,1,0.01,0.5545,0.001,0.98,50,65,60,7,24,0,3,3,23,0,0,4,31,2,4,3,15,0,6,7,72,0,3,3,60,0,0,-4172,550.433349609375,43,2,2000,45,0,0,0
726,True,reg_10,request_scratch,cau100_afr0_asi0_10,regional_10,50,150,912,70,0,1,0.01,0.5545,0.001,0.98,50,18,6,1,2,0,0,0,3,0,0,1,9,0,2,2,4,0,0,1,53,0,0,0,49,0,0,-750,436.8592529296875,15,0,0,15,0,0,0
727,True,reg_10,request_scratch,cau100_afr0_asi0_10,regional_10,50,150,912,70,0,1,0.01,0.5545,0.001,0.98,50,25,45,4,26,2,3,2,7,0,1,0,8,0,3,2,12,0,0,4,78,2,3,2,55,0,1,-1619,388.86181640625,11,3,1036,14,0,0,0
728,True,reg_10,request_scratch,cau100_afr0_asi0_10,regional_10,50,150,912,70,0,1,0.01,0.5545,0.001,0.98,50,65,27,3,9,0,2,2,11,0,0,4,21,4,8,4,21,2,1,3,63,0,2,2,47,0,0,-2110,483.20709228515625,40,5,55,45,0,0,0
729,True,reg_10,request_scratch,cau100_afr0_asi0_10,regional_10,50,150,912,70,0,1,0.01,0.5545,0.001,0.98,50,98,38,10,14,1,2,2,8,1,0,5,28,2,11,9,38,0,5,10,70,1,2,2,44,1,0,-6692,506.1406555175781,74,3,2959,77,0,0,0
730,True,reg_10,request_scratch,cau100_afr0_asi0_10,regional_10,50,150,912,70,0,1,0.01,0.5545,0.001,0.98,50,74,48,6,15,1,5,1,19,0,1,4,32,0,2,4,27,0,5,6,66,1,5,1,48,0,1,-2728,554.5934448242188,52,3,95,55,0,0,0
731,True,reg_10,request_scratch,cau100_afr0_asi0_10,regional_10,50,150,912,70,0,1,0.01,0.5545,0.001,0.98,50,57,10,0,4,0,0,0,6,0,0,4,18,1,3,8,21,0,2,0,67,0,0,0,49,0,0,-4081,631.4729614257812,51,1,1520,52,0,0,0
732,True,reg_10,request_scratch,cau100_afr0_asi0_10,regional_10,50,150,912,70,0,1,0.01,0.5545,0.001,0.98,50,56,54,12,18,2,1,4,15,0,2,2,16,6,4,4,20,0,4,12,60,2,1,4,59,0,2,-2111,444.5336608886719,25,4,817,29,0,0,0
733,True,reg_10,request_scratch,cau100_afr0_asi0_10,regional_10,50,150,912,70,0,1,0.01,0.5545,0.001,0.98,50,66,18,3,5,0,4,0,6,0,0,10,14,0,6,8,27,0,1,3,56,0,4,0,54,0,0,-3259,437.65240478515625,45,3,976,48,0,0,0
734,True,reg_10,request_scratch,cau100_afr0_asi0_10,regional_10,50,150,912,70,0,1,0.01,0.5545,0.001,0.98,50,28,51,6,19,0,1,2,23,0,0,1,9,0,3,2,11,0,2,6,61,0,1,2,69,0,0,-1797,485.9621887207031,18,0,897,18,0,0,0
735,True,reg_10,request_scratch,cau100_afr0_asi0_10,regional_10,50,150,912,70,0,1,0.01,0.5545,0.001,0.98,50,80,8,3,2,0,1,0,1,0,1,6,31,3,5,8,22,0,5,3,48,0,1,2,51,0,1,-3202,634.8409423828125,58,3,269,61,0,0,0
736,True,reg_10,request_scratch,cau100_afr0_asi0_10,regional_10,50,150,912,70,0,1,0.01,0.5545,0.001,0.98,50,93,64,7,25,0,2,7,22,0,1,7,29,2,8,2,45,0,0,7,63,0,2,7,67,0,1,-4712,581.2724609375,58,1,1801,59,0,0,0
737,True,reg_10,request_scratch,cau100_afr0_asi0_10,regional_10,50,150,912,70,0,1,0.01,0.5545,0.001,0.98,50,105,0,0,0,0,0,0,0,0,0,3,37,2,8,9,42,0,4,0,51,0,0,0,52,0,0,-4639,421.7872314453125,85,2,367,87,0,0,0
738,True,reg_10,request_scratch,cau100_afr0_asi0_10,regional_10,50,150,912,70,0,1,0.01,0.5545,0.001,0.98,50,85,67,5,31,1,3,7,20,0,0,7,23,4,7,13,24,0,7,5,73,1,3,7,61,0,0,-5033,410.16064453125,57,4,2139,61,0,0,0
739,True,reg_10,request_scratch,cau100_afr0_asi0_10,regional_10,50,150,912,70,0,1,0.01,0.5545,0.001,0.98,50,39,0,0,0,0,0,0,0,0,0,3,24,0,0,4,8,0,0,0,58,0,0,2,43,0,0,-1801,498.79541015625,35,0,51,35,0,0,0
740,True,reg_10,request_scratch,cau100_afr0_asi0_10,regional_10,50,150,912,70,0,1,0.01,0.5545,0.001,0.98,50,25,52,6,18,3,1,5,15,0,4,0,9,0,1,5,10,0,0,6,74,3,1,5,57,0,4,-1579,605.5089721679688,8,6,1113,14,0,0,0
741,True,reg_10,request_scratch,cau100_afr0_asi0_10,regional_10,50,150,912,70,0,1,0.01,0.5545,0.001,0.98,50,30,19,2,6,0,1,3,6,0,1,4,6,2,6,1,11,0,0,2,55,0,1,8,41,0,3,-1011,509.0656433105469,20,1,0,21,0,0,0
742,True,reg_10,request_scratch,cau100_afr0_asi0_10,regional_10,50,150,912,70,0,1,0.01,0.5545,0.001,0.98,50,40,34,7,7,0,2,2,16,0,0,6,9,0,0,4,19,0,2,7,61,0,2,7,55,0,2,-2853,608.3192749023438,22,1,1742,23,0,0,0
743,True,reg_10,request_scratch,cau100_afr0_asi0_10,regional_10,50,150,912,70,0,1,0.01,0.5545,0.001,0.98,50,39,49,7,16,1,1,6,17,1,0,1,22,0,1,3,11,0,1,7,47,1,3,10,54,1,0,-1000,402.5051574707031,20,0,0,20,0,0,0
744,True,reg_10,request_scratch,cau100_afr0_asi0_10,regional_10,50,150,912,70,0,1,0.01,0.5545,0.001,0.98,50,67,7,1,2,0,1,0,3,0,0,6,28,0,11,0,15,0,7,1,49,0,1,7,53,0,0,-4286,406.45147705078125,53,0,1636,53,0,0,0
745,True,reg_10,request_scratch,cau100_afr0_asi0_10,regional_10,50,150,912,70,0,1,0.01,0.5545,0.001,0.98,50,86,69,11,29,0,2,2,25,0,0,15,28,0,3,11,26,0,3,11,60,0,2,5,67,0,0,-3486,499.0400695800781,60,0,486,60,0,0,0
746,True,reg_10,request_scratch,cau100_afr0_asi0_10,regional_10,50,150,912,70,0,1,0.01,0.5545,0.001,0.98,50,87,0,0,0,0,0,0,0,0,0,7,40,7,6,5,22,0,0,0,54,0,0,2,61,0,0,-5711,403.5004577636719,78,0,1811,78,0,0,0
747,True,reg_10,request_scratch,cau100_afr0_asi0_10,regional_10,50,150,912,70,0,1,0.01,0.5545,0.001,0.98,50,37,58,10,23,3,3,3,16,0,0,3,14,0,4,0,13,0,3,10,70,3,3,3,61,0,0,-2042,484.7430419921875,17,0,1192,17,0,0,0
748,True,reg_10,request_scratch,cau100_afr0_asi0_10,regional_10,50,150,912,70,0,1,0.01,0.5545,0.001,0.98,50,21,11,2,6,0,0,0,3,0,0,8,2,0,1,0,8,0,2,2,60,1,0,0,47,0,0,-866,571.017578125,16,0,66,16,0,0,0
749,True,reg_10,request_scratch,cau100_afr0_asi0_10,regional_10,50,150,912,70,0,1,0.01,0.5545,0.001,0.98,50,39,39,10,11,1,2,2,12,0,1,0,19,0,1,2,17,0,0,10,69,1,2,2,56,0,1,-3109,476.5314636230469,21,1,2048,22,0,0,0
750,True,reg_10,request_scratch,cau100_afr0_asi0_10,regional_10,50,150,912,70,0,1,0.01,0.5545,0.001,0.98,50,62,52,8,17,0,4,4,17,0,2,4,33,0,5,3,17,0,0,8,57,0,4,6,48,0,2,-1800,537.5570068359375,36,0,0,36,0,0,0
751,True,reg_10,request_scratch,cau100_afr0_asi0_10,regional_10,50,150,912,70,0,1,0.01,0.5545,0.001,0.98,50,62,17,5,1,0,1,1,9,0,0,4,16,1,1,4,32,0,4,5,53,0,1,1,56,0,0,-3923,604.410400390625,45,2,1651,47,0,0,0
752,True,reg_10,request_scratch,cau100_afr0_asi0_10,regional_10,50,150,912,70,0,1,0.01,0.5545,0.001,0.98,50,74,64,12,22,2,0,7,19,0,2,7,40,1,1,5,20,0,0,12,57,2,0,7,60,0,2,-2656,632.9593505859375,46,1,345,47,0,0,0
753,True,reg_10,request_scratch,cau100_afr0_asi0_10,regional_10,50,150,912,70,0,1,0.01,0.5545,0.001,0.98,50,58,0,0,0,0,0,0,0,0,0,9,12,0,5,4,26,0,2,0,51,0,0,4,55,0,0,-3370,496.6609191894531,46,0,1070,46,0,0,0
754,True,reg_10,request_scratch,cau100_afr0_asi0_10,regional_10,50,150,912,70,0,1,0.01,0.5545,0.001,0.98,50,9,65,10,21,0,4,8,20,1,1,0,0,0,0,0,9,0,0,10,61,0,4,8,65,1,1,-380,464.1058349609375,1,3,297,4,0,0,0
755,True,reg_10,request_scratch,cau100_afr0_asi0_10,regional_10,50,150,912,70,0,1,0.01,0.5545,0.001,0.98,50,17,0,0,0,0,0,0,0,0,0,2,3,0,0,6,6,0,0,6,44,0,3,8,48,0,0,-317,512.4804077148438,3,2,145,5,0,0,0
756,True,reg_10,request_scratch,cau100_afr0_asi0_10,regional_10,50,150,912,70,0,1,0.01,0.5545,0.001,0.98,50,42,62,9,22,0,5,8,18,0,0,0,15,0,4,3,18,0,2,9,64,0,7,13,57,0,0,-2664,469.8910827636719,21,2,1592,23,0,0,0
757,True,reg_10,request_scratch,cau100_afr0_asi0_10,regional_10,50,150,912,70,0,1,0.01,0.5545,0.001,0.98,50,52,4,1,1,0,1,0,1,0,0,13,18,0,3,2,13,0,3,1,44,0,5,9,39,0,0,-1783,468.5960693359375,35,3,0,38,0,0,0
758,True,reg_10,request_scratch,cau100_afr0_asi0_10,regional_10,50,150,912,70,0,1,0.01,0.5545,0.001,0.98,50,42,66,13,15,1,5,3,28,0,1,0,17,0,4,2,16,2,1,13,56,1,6,6,64,0,1,-2095,371.89398193359375,14,3,1362,17,0,0,0
759,True,reg_10,request_scratch,cau100_afr0_asi0_10,regional_10,50,150,912,70,0,1,0.01,0.5545,0.001,0.98,50,43,16,2,8,0,0,1,5,0,0,3,13,0,0,3,24,0,0,2,46,0,1,3,52,0,0,-1500,299.3468322753906,30,0,0,30,0,0,0
760,True,reg_10,request_scratch,cau100_afr0_asi0_10,regional_10,50,150,912,70,0,1,0.01,0.5545,0.001,0.98,50,36,45,5,19,1,1,2,15,0,2,4,9,0,4,4,11,0,4,5,63,1,1,3,61,0,2,-2273,457.625732421875,23,0,1123,23,0,0,0
761,True,reg_10,request_scratch,cau100_afr0_asi0_10,regional_10,50,150,912,70,0,1,0.01,0.5545,0.001,0.98,50,53,22,3,8,0,1,3,7,0,0,1,17,0,1,10,22,0,2,3,51,0,1,4,56,0,0,-1886,566.5963745117188,37,2,14,39,0,0,0
762,True,reg_10,request_scratch,cau100_afr0_asi0_10,regional_10,50,150,912,70,0,1,0.01,0.5545,0.001,0.98,50,50,35,5,17,0,5,3,5,0,0,7,24,1,4,2,12,0,0,5,63,0,5,4,57,0,0,-3352,515.409912109375,34,0,1652,34,0,0,0
763,True,reg_10,request_scratch,cau100_afr0_asi0_10,regional_10,50,150,912,70,0,1,0.01,0.5545,0.001,0.98,50,67,34,7,16,1,0,2,8,0,0,3,32,4,2,3,23,0,0,7,68,1,5,2,40,0,0,-2780,490.1495056152344,45,2,508,47,0,0,0
764,True,reg_10,request_scratch,cau100_afr0_asi0_10,regional_10,50,150,912,70,0,1,0.01,0.5545,0.001,0.98,50,69,29,2,12,0,2,3,10,0,0,2,22,2,3,6,31,0,3,2,72,0,4,3,45,0,0,-4816,523.4844970703125,53,1,2155,54,0,0,0
765,True,reg_10,request_scratch,cau100_afr0_asi0_10,regional_10,50,150,912,70,0,1,0.01,0.5545,0.001,0.98,50,45,45,6,16,2,5,2,13,0,1,2,17,0,8,1,17,0,0,6,69,2,5,2,43,0,1,-1907,398.7453918457031,27,2,535,29,0,0,0
766,True,reg_10,request_scratch,cau100_afr0_asi0_10,regional_10,50,150,912,70,0,1,0.01,0.5545,0.001,0.98,50,59,18,1,10,0,0,1,6,0,0,8,14,0,8,0,27,0,2,1,71,0,3,1,42,0,0,-3435,535.6277465820312,47,0,1085,47,0,0,0
767,True,reg_10,request_scratch,cau100_afr0_asi0_10,regional_10,50,150,912,70,0,1,0.01,0.5545,0.001,0.98,50,48,43,4,17,0,1,7,13,0,1,2,22,0,6,0,17,0,1,4,71,0,1,7,50,0,1,-2721,482.21038818359375,34,1,1010,35,0,0,0
768,True,reg_10,request_scratch,cau100_afr0_asi0_10,regional_10,50,150,912,70,0,1,0.01,0.5545,0.001,0.98,50,32,13,2,7,1,1,0,2,0,0,0,14,0,5,0,12,0,1,2,62,1,1,5,44,0,0,-1771,492.0957336425781,23,0,621,23,0,0,0
769,True,reg_10,request_scratch,cau100_afr0_asi0_10,regional_10,50,150,912,70,0,1,0.01,0.5545,0.001,0.98,50,37,53,7,18,1,4,6,17,0,0,2,16,0,3,2,14,0,0,7,68,1,4,10,51,0,0,-1998,544.2708740234375,20,2,976,22,0,0,0
770,True,reg_10,request_scratch,cau100_afr0_asi0_10,regional_10,50,150,912,70,0,1,0.01,0.5545,0.001,0.98,50,53,6,0,2,0,0,1,3,0,0,6,20,2,8,0,14,0,3,0,54,0,3,8,41,0,0,-2364,491.16888427734375,36,2,542,38,0,0,0
771,True,reg_10,request_scratch,cau100_afr0_asi0_10,regional_10,50,150,912,70,0,1,0.01,0.5545,0.001,0.98,50,79,59,8,20,0,3,9,18,0,1,10,22,0,4,7,32,2,2,8,64,0,4,14,53,0,1,-4648,537.5363159179688,54,1,1937,55,0,0,0
772,True,reg_10,request_scratch,cau100_afr0_asi0_10,regional_10,50,150,912,70,0,1,0.01,0.5545,0.001,0.98,50,73,2,0,2,0,0,0,0,0,0,9,27,0,8,5,21,0,3,0,49,0,2,10,40,0,0,-3407,560.4562377929688,59,0,457,59,0,0,0
773,True,reg_10,request_scratch,cau100_afr0_asi0_10,regional_10,50,150,912,70,0,1,0.01,0.5545,0.001,0.98,50,46,65,11,25,1,4,4,20,0,0,4,11,4,2,3,18,0,4,11,67,1,4,11,54,0,0,-2457,569.733642578125,22,3,1324,25,0,0,0
774,True,reg_10,request_scratch,cau100_afr0_asi0_10,regional_10,50,150,912,70,0,1,0.01,0.5545,0.001,0.98,50,49,2,1,1,0,0,0,0,0,0,0,26,1,0,2,20,0,0,1,50,0,1,7,41,0,0,-1793,430.57806396484375,34,0,93,34,0,0,0
775,True,reg_10,request_scratch,cau100_afr0_asi0_10,regional_10,50,150,912,70,0,1,0.01,0.5545,0.001,0.98,50,43,64,11,20,1,6,3,22,0,1,2,9,0,3,2,26,0,1,11,66,1,7,7,56,0,1,-2205,487.0326843261719,18,3,1272,21,0,0,0
776,True,reg_10,request_scratch,cau100_afr0_asi0_10,regional_10,50,150,912,70,0,1,0.01,0.5545,0.001,0.98,50,48,4,1,1,0,0,0,2,0,0,6,18,0,2,7,15,0,0,1,49,0,5,2,44,0,0,-1853,267.66558837890625,36,1,42,37,0,0,0
777,True,reg_10,request_scratch,cau100_afr0_asi0_10,regional_10,50,150,912,70,0,1,0.01,0.5545,0.001,0.98,50,66,58,12,24,0,3,6,13,0,0,5,24,1,4,4,25,0,3,12,67,0,8,6,54,0,0,-4078,486.36578369140625,37,3,2195,40,0,0,0
778,True,reg_10,request_scratch,cau100_afr0_asi0_10,regional_10,50,150,912,70,0,1,0.01,0.5545,0.001,0.98,50,66,20,3,8,0,2,1,6,0,0,5,27,0,3,6,19,0,6,3,54,0,5,3,43,0,0,-2339,521.204345703125,46,3,6,49,0,0,0
779,True,reg_10,request_scratch,cau100_afr0_asi0_10,regional_10,50,150,912,70,0,1,0.01,0.5545,0.001,0.98,50,60,47,9,14,0,6,2,15,0,1,11,15,4,5,10,15,0,0,9,63,0,7,2,53,0,1,-3906,559.7098999023438,40,2,1884,42,0,0,0
780,True,reg_10,request_scratch,cau100_afr0_asi0_10,regional_10,50,150,912,70,0,1,0.01,0.5545,0.001,0.98,50,50,32,5,11,1,2,1,11,0,1,9,12,0,5,4,19,0,1,5,58,1,5,1,47,0,1,-1632,445.0128173828125,31,5,27,36,0,0,0
781,True,reg_10,request_scratch,cau100_afr0_asi0_10,regional_10,50,150,912,70,0,1,0.01,0.5545,0.001,0.98,50,42,28,7,9,1,2,1,8,0,0,0,16,0,2,6,18,0,0,7,64,1,3,1,51,0,0,-2439,483.7766418457031,23,5,1234,28,0,0,0
782,True,reg_10,request_scratch,cau100_afr0_asi0_10,regional_10,50,150,912,70,0,1,0.01,0.5545,0.001,0.98,50,12,51,8,16,0,3,6,16,1,1,0,6,0,0,0,6,0,0,8,58,0,3,6,56,1,1,-270,530.8785400390625,2,1,159,3,0,0,0
783,True,reg_10,request_scratch,cau100_afr0_asi0_10,regional_10,50,150,912,70,0,1,0.01,0.5545,0.001,0.98,50,21,0,0,0,0,0,0,0,0,0,6,7,4,0,0,4,0,0,3,50,0,1,5,50,1,0,-1211,423.1829528808594,12,1,600,13,0,0,0
784,True,reg_10,request_scratch,cau100_afr0_asi0_10,regional_10,50,150,912,70,0,1,0.01,0.5545,0.001,0.98,50,43,76,12,30,1,5,9,18,0,1,0,16,4,0,3,16,0,4,12,66,1,5,12,53,0,1,-1619,429.095458984375,16,3,786,19,0,0,0
785,True,reg_10,request_scratch,cau100_afr0_asi0_10,regional_10,50,150,912,70,0,1,0.01,0.5545,0.001,0.98,50,52,0,0,0,0,0,0,0,0,0,5,26,0,0,2,17,2,0,0,55,0,1,9,42,0,0,-2834,553.0761108398438,41,0,784,41,0,0,0
786,True,reg_10,request_scratch,cau100_afr0_asi0_10,regional_10,50,150,912,70,0,1,0.01,0.5545,0.001,0.98,50,89,67,9,23,1,8,2,23,0,1,5,19,2,12,5,42,2,2,9,69,1,8,5,57,0,1,-5492,634.4489135742188,60,3,2459,63,0,0,0
787,True,reg_10,request_scratch,cau100_afr0_asi0_10,regional_10,50,150,912,70,0,1,0.01,0.5545,0.001,0.98,50,123,4,1,2,0,0,1,0,0,0,10,43,3,4,0,57,2,4,1,55,0,3,1,41,0,0,-5150,523.1651611328125,103,0,0,103,0,0,0
788,True,reg_10,request_scratch,cau100_afr0_asi0_10,regional_10,50,150,912,70,0,1,0.01,0.5545,0.001,0.98,50,86,67,11,24,1,3,8,19,0,1,10,26,4,0,8,37,0,1,11,71,1,3,8,53,0,1,-4835,558.5952758789062,52,2,2213,54,0,0,0
789,True,reg_10,request_scratch,cau100_afr0_asi0_10,regional_10,50,150,912,70,0,1,0.01,0.5545,0.001,0.98,50,20,10,2,3,0,0,1,4,0,0,2,4,0,0,4,9,1,0,2,52,0,0,4,46,0,0,-650,541.7815551757812,13,0,0,13,0,0,0
790,True,reg_10,request_scratch,cau100_afr0_asi0_10,regional_10,50,150,912,70,0,1,0.01,0.5545,0.001,0.98,50,19,45,11,13,2,3,2,13,0,1,2,8,0,1,0,6,0,2,11,65,2,3,4,56,0,1,-855,592.54638671875,1,1,794,2,0,0,0
791,True,reg_10,request_scratch,cau100_afr0_asi0_10,regional_10,50,150,912,70,0,1,0.01,0.5545,0.001,0.98,50,39,34,4,12,1,3,0,13,1,0,6,10,0,2,2,19,0,0,6,54,2,3,2,49,1,1,-789,419.74609375,15,2,17,17,0,0,0
792,True,reg_10,request_scratch,cau100_afr0_asi0_10,regional_10,50,150,912,70,0,1,0.01,0.5545,0.001,0.98,50,77,31,7,11,1,2,0,10,0,0,1,36,1,11,4,20,0,4,7,61,1,2,0,54,0,0,-5290,509.2701721191406,57,1,2429,58,0,0,0
793,True,reg_10,request_scratch,cau100_afr0_asi0_10,regional_10,50,150,912,70,0,1,0.01,0.5545,0.001,0.98,50,72,50,9,17,0,3,4,17,0,0,11,29,3,4,2,20,0,3,9,56,0,3,4,57,0,0,-2775,553.6304321289062,48,0,375,48,0,0,0
794,True,reg_10,request_scratch,cau100_afr0_asi0_10,regional_10,50,150,912,70,0,1,0.01,0.5545,0.001,0.98,50,58,12,2,3,0,0,1,5,1,0,6,18,2,5,0,22,1,4,2,54,0,0,1,58,1,0,-3606,475.5456848144531,49,0,1156,49,0,0,0
795,True,reg_10,request_scratch,cau100_afr0_asi0_10,regional_10,50,150,912,70,0,1,0.01,0.5545,0.001,0.98,50,80,54,5,24,0,2,3,19,0,1,5,29,1,4,6,33,0,2,5,67,0,2,3,64,0,1,-4555,489.71246337890625,58,2,1633,60,0,0,0
796,True,reg_10,request_scratch,cau100_afr0_asi0_10,regional_10,50,150,912,70,0,1,0.01,0.5545,0.001,0.98,50,56,1,0,0,0,0,0,1,0,0,2,23,0,2,6,23,0,0,0,55,0,0,0,52,0,0,-3458,528.6967163085938,50,1,947,51,0,0,0
797,True,reg_10,request_scratch,cau100_afr0_asi0_10,regional_10,50,150,912,70,0,1,0.01,0.5545,0.001,0.98,50,46,63,6,27,2,6,2,20,0,0,1,18,0,5,4,18,0,0,6,71,2,6,2,62,0,0,-2821,479.2969055175781,27,2,1449,29,0,0,0
798,True,reg_10,request_scratch,cau100_afr0_asi0_10,regional_10,50,150,912,70,0,1,0.01,0.5545,0.001,0.98,50,61,2,0,1,0,0,1,0,0,0,4,18,2,8,8,21,0,0,0,55,0,1,1,45,0,0,-2606,556.0519409179688,47,4,212,51,0,0,0
799,True,reg_10,request_scratch,cau100_afr0_asi0_10,regional_10,50,150,912,70,0,1,0.01,0.5545,0.001,0.98,50,90,61,7,25,2,0,3,24,0,0,10,33,0,0,9,37,1,0,7,73,2,0,3,64,0,0,-6401,525.97509765625,67,2,3029,69,0,0,0
800,True,reg_10,request_scratch,cau100_afr0_asi0_10,regional_10,50,150,912,70,0,1,0.01,0.5545,0.001,0.98,50,70,3,1,0,0,0,0,1,1,0,4,20,0,12,3,31,0,0,1,53,0,0,0,46,1,0,-3067,443.05560302734375,61,0,17,61,0,0,0
801,True,reg_10,request_scratch,cau100_afr0_asi0_10,regional_10,50,150,912,70,0,1,0.01,0.5545,0.001,0.98,50,63,57,7,20,2,3,4,19,0,2,5,28,0,5,8,17,0,0,7,70,2,3,4,61,0,2,-4531,539.7648315429688,42,2,2409,44,0,0,0
802,True,reg_10,request_scratch,cau100_afr0_asi0_10,regional_10,50,150,912,70,0,1,0.01,0.5545,0.001,0.98,50,50,17,3,9,0,1,1,2,0,1,2,13,0,6,2,22,0,5,3,55,0,1,3,46,0,1,-1761,371.6195983886719,35,1,0,36,0,0,0
803,True,reg_10,request_scratch,cau100_afr0_asi0_10,regional_10,50,150,912,70,0,1,0.01,0.5545,0.001,0.98,50,28,45,6,16,1,6,4,10,1,1,1,13,0,3,3,6,0,2,6,67,1,6,4,53,1,1,-1735,517.0952758789062,11,1,1174,12,0,0,0
804,True,reg_10,request_scratch,cau100_afr0_asi0_10,regional_10,50,150,912,70,0,1,0.01,0.5545,0.001,0.98,50,14,37,5,16,0,4,2,9,0,1,1,8,1,0,2,2,0,0,5,61,0,9,2,41,0,1,-263,509.89849853515625,5,1,2,6,0,0,0
805,True,reg_10,request_scratch,cau100_afr0_asi0_10,regional_10,50,150,912,70,0,1,0.01,0.5545,0.001,0.98,50,54,9,2,2,1,0,1,3,0,0,6,17,0,5,5,21,0,0,2,61,1,9,3,43,0,0,-3725,448.8692932128906,38,3,1792,41,0,0,0
806,True,reg_10,request_scratch,cau100_afr0_asi0_10,regional_10,50,150,912,70,0,1,0.01,0.5545,0.001,0.98,50,119,73,9,26,0,4,6,27,0,1,5,38,1,9,13,50,0,3,9,69,0,9,6,51,0,1,-4818,520.2750854492188,79,6,802,85,0,0,0
807,True,reg_10,request_scratch,cau100_afr0_asi0_10,regional_10,50,150,912,70,0,1,0.01,0.5545,0.001,0.98,50,86,0,0,0,0,0,0,0,0,0,5,38,1,12,5,23,0,2,0,60,0,0,1,42,0,0,-4782,492.74072265625,73,1,1121,74,0,0,0
808,True,reg_10,request_scratch,cau100_afr0_asi0_10,regional_10,50,150,912,70,0,1,0.01,0.5545,0.001,0.98,50,82,71,11,28,1,8,7,14,1,1,6,31,1,3,11,27,2,1,11,72,1,8,7,49,1,1,-3634,456.72015380859375,47,7,1207,54,0,0,0
809,True,reg_10,request_scratch,cau100_afr0_asi0_10,regional_10,50,150,912,70,0,1,0.01,0.5545,0.001,0.98,50,27,0,0,0,0,0,0,0,0,0,0,12,0,1,2,12,0,0,0,56,0,4,3,41,0,0,-1115,506.6376037597656,22,1,4,23,0,0,0
810,True,reg_10,request_scratch,cau100_afr0_asi0_10,regional_10,50,150,912,70,0,1,0.01,0.5545,0.001,0.98,50,11,51,5,18,2,7,3,16,0,0,0,4,0,4,2,1,0,0,5,70,2,10,6,57,0,0,-700,500.4122619628906,3,0,550,3,0,0,0
811,True,reg_10,request_scratch,cau100_afr0_asi0_10,regional_10,50,150,912,70,0,1,0.01,0.5545,0.001,0.98,50,19,12,3,3,0,1,1,4,0,0,4,5,0,3,0,7,0,0,3,49,2,11,5,34,0,0,-600,490.0332336425781,12,0,0,12,0,0,0
812,True,reg_10,request_scratch,cau100_afr0_asi0_10,regional_10,50,150,912,70,0,1,0.01,0.5545,0.001,0.98,50,56,44,6,16,0,4,3,15,0,0,0,24,0,3,8,18,0,3,6,65,1,15,8,46,0,0,-3742,573.04345703125,34,2,2020,36,0,0,0
813,True,reg_10,request_scratch,cau100_afr0_asi0_10,regional_10,50,150,912,70,0,1,0.01,0.5545,0.001,0.98,50,49,25,3,14,0,2,0,6,0,0,2,19,0,2,0,24,0,2,3,51,0,14,3,41,0,0,-1850,421.0738830566406,37,0,0,37,0,0,0
814,True,reg_10,request_scratch,cau100_afr0_asi0_10,regional_10,50,150,912,70,0,1,0.01,0.5545,0.001,0.98,50,79,28,5,12,1,0,2,8,0,0,9,27,2,4,4,30,2,1,5,61,1,13,2,46,0,0,-5036,437.49163818359375,56,4,2192,60,0,0,0
815,True,reg_10,request_scratch,cau100_afr0_asi0_10,regional_10,50,150,912,70,0,1,0.01,0.5545,0.001,0.98,50,69,45,7,12,1,4,4,17,0,0,6,19,1,7,6,25,0,5,7,57,1,11,4,50,0,0,-2549,615.4751586914062,46,5,194,51,0,0,0
816,True,reg_10,request_scratch,cau100_afr0_asi0_10,regional_10,50,150,912,70,0,1,0.01,0.5545,0.001,0.98,50,48,10,1,3,0,2,1,3,0,0,3,12,0,3,9,20,0,1,1,55,0,9,2,49,0,0,-3409,444.2959289550781,41,1,1348,42,0,0,0
817,True,reg_10,request_scratch,cau100_afr0_asi0_10,regional_10,50,150,912,70,0,1,0.01,0.5545,0.001,0.98,50,23,59,6,27,1,5,5,13,0,2,0,6,0,0,3,11,2,1,6,68,1,13,5,47,0,2,-1016,599.3935546875,10,2,494,12,0,0,0
818,True,reg_10,request_scratch,cau100_afr0_asi0_10,regional_10,50,150,912,70,0,1,0.01,0.5545,0.001,0.98,50,24,0,0,0,0,0,0,0,0,0,4,14,0,1,0,4,0,1,0,54,1,11,4,41,0,0,-1308,582.9540405273438,17,1,447,18,0,0,0
819,True,reg_10,request_scratch,cau100_afr0_asi0_10,regional_10,50,150,912,70,0,1,0.01,0.5545,0.001,0.98,50,48,64,10,21,0,4,5,23,1,0,6,13,0,2,5,22,0,0,10,63,0,14,6,56,1,0,-2296,484.3463134765625,21,2,1224,23,0,0,0
820,True,reg_10,request_scratch,cau100_afr0_asi0_10,regional_10,50,150,912,70,0,1,0.01,0.5545,0.001,0.98,50,94,1,0,0,0,0,0,1,0,0,5,42,0,9,6,23,3,6,0,51,0,11,0,40,0,0,-3980,613.242431640625,75,2,208,77,0,0,0
821,True,reg_10,request_scratch,cau100_afr0_asi0_10,regional_10,50,150,912,70,0,1,0.01,0.5545,0.001,0.98,50,83,66,8,22,1,5,5,24,0,1,2,33,0,6,4,34,0,4,8,64,1,12,5,58,0,1,-5176,543.6210327148438,57,2,2304,59,0,0,0
822,True,reg_10,request_scratch,cau100_afr0_asi0_10,regional_10,50,150,912,70,0,1,0.01,0.5545,0.001,0.98,50,35,0,0,0,0,0,0,0,0,0,2,15,2,1,2,13,0,0,0,43,0,8,3,48,0,0,-1461,455.0306396484375,29,1,0,30,0,0,0
823,True,reg_10,request_scratch,cau100_afr0_asi0_10,regional_10,50,150,912,70,0,1,0.01,0.5545,0.001,0.98,50,37,54,2,20,1,5,5,19,0,2,1,14,0,5,1,16,0,0,2,60,1,13,5,67,0,2,-2657,444.7783508300781,23,2,1485,25,0,0,0
824,True,reg_10,request_scratch,cau100_afr0_asi0_10,regional_10,50,150,912,70,0,1,0.01,0.5545,0.001,0.98,50,15,0,0,0,0,0,0,0,0,0,0,5,2,0,2,6,0,0,0,42,0,10,4,44,0,1,-565,594.8304443359375,11,0,15,11,0,0,0
825,True,reg_10,request_scratch,cau100_afr0_asi0_10,regional_10,50,150,912,70,0,1,0.01,0.5545,0.001,0.98,50,18,54,9,25,0,1,2,16,0,1,1,6,2,0,0,9,0,0,9,65,0,10,5,59,0,2,-1108,538.149169921875,5,2,836,7,0,0,0
826,True,reg_10,request_scratch,cau100_afr0_asi0_10,regional_10,50,150,912,70,0,1,0.01,0.5545,0.001,0.98,50,31,15,2,6,0,1,2,4,0,0,0,11,3,3,1,13,0,0,2,51,0,7,7,39,0,0,-1133,513.44140625,22,3,0,25,0,0,0
827,True,reg_10,request_scratch,cau100_afr0_asi0_10,regional_10,50,150,912,70,0,1,0.01,0.5545,0.001,0.98,50,45,40,4,15,1,3,1,15,0,1,3,11,0,3,8,20,0,0,4,64,1,9,6,52,0,1,-3158,387.8754577636719,30,5,1603,35,0,0,0
828,True,reg_10,request_scratch,cau100_afr0_asi0_10,regional_10,50,150,912,70,0,1,0.01,0.5545,0.001,0.98,50,81,24,3,10,0,1,2,7,0,1,8,39,0,4,8,21,0,1,3,56,1,6,6,42,0,1,-2572,416.6647644042969,51,2,0,53,0,0,0
829,True,reg_10,request_scratch,cau100_afr0_asi0_10,regional_10,50,150,912,70,0,1,0.01,0.5545,0.001,0.98,50,100,48,6,18,0,3,3,15,0,3,10,34,3,4,8,32,0,9,6,69,0,3,3,49,0,3,-5534,491.48468017578125,70,3,2001,73,0,0,0
830,True,reg_10,request_scratch,cau100_afr0_asi0_10,regional_10,50,150,912,70,0,1,0.01,0.5545,0.001,0.98,50,57,28,2,13,3,1,1,7,1,0,4,18,0,2,4,27,0,2,2,62,3,1,1,47,1,0,-2509,551.9019165039062,44,0,309,44,0,0,0
831,True,reg_10,request_scratch,cau100_afr0_asi0_10,regional_10,50,150,912,70,0,1,0.01,0.5545,0.001,0.98,50,50,30,8,13,0,1,4,4,0,0,1,23,2,3,0,21,0,0,8,69,0,1,4,48,0,0,-2931,450.9541015625,33,0,1281,33,0,0,0
832,True,reg_10,request_scratch,cau100_afr0_asi0_10,regional_10,50,150,912,70,0,1,0.01,0.5545,0.001,0.98,50,21,34,2,16,1,3,2,10,0,0,1,2,0,0,3,10,0,5,8,70,1,3,2,43,0,0,-915,520.615478515625,11,4,321,15,0,0,0
833,True,reg_10,request_scratch,cau100_afr0_asi0_10,regional_10,50,150,912,70,0,1,0.01,0.5545,0.001,0.98,50,44,17,0,9,0,2,2,4,0,0,2,15,2,6,0,14,1,4,5,69,0,2,4,40,0,0,-2896,399.0045471191406,31,0,1346,31,0,0,0
834,True,reg_10,request_scratch,cau100_afr0_asi0_10,regional_10,50,150,912,70,0,1,0.01,0.5545,0.001,0.98,50,59,59,13,19,0,6,7,13,1,0,4,22,0,11,0,22,0,0,15,70,0,6,7,38,1,0,-2990,396.4548034667969,40,0,990,40,0,0,0
835,True,reg_10,request_scratch,cau100_afr0_asi0_10,regional_10,50,150,912,70,0,1,0.01,0.5545,0.001,0.98,50,61,0,0,0,0,0,0,0,0,0,3,20,3,8,5,21,0,1,13,57,0,0,4,31,0,0,-3109,526.4801635742188,45,2,837,47,0,0,0
836,True,reg_10,request_scratch,cau100_afr0_asi0_10,regional_10,50,150,912,70,0,1,0.01,0.5545,0.001,0.98,50,80,68,16,27,0,0,4,19,1,1,5,32,0,6,1,32,1,3,25,71,0,0,6,46,1,1,-4449,463.333984375,54,1,1738,55,0,0,0
837,True,reg_10,request_scratch,cau100_afr0_asi0_10,regional_10,50,150,912,70,0,1,0.01,0.5545,0.001,0.98,50,58,0,0,0,0,0,0,0,0,0,2,31,0,4,0,20,0,1,15,55,0,0,1,36,0,0,-2791,570.8187255859375,46,0,491,46,0,0,0
838,True,reg_10,request_scratch,cau100_afr0_asi0_10,regional_10,50,150,912,70,0,1,0.01,0.5545,0.001,0.98,50,40,59,12,23,1,4,6,12,0,1,0,12,0,4,4,20,0,0,26,69,1,4,6,43,0,1,-2316,654.1920776367188,24,0,1116,24,0,0,0
839,True,reg_10,request_scratch,cau100_afr0_asi0_10,regional_10,50,150,912,70,0,1,0.01,0.5545,0.001,0.98,50,23,0,0,0,0,0,0,0,0,0,0,7,0,3,2,11,0,0,26,50,0,0,0,31,0,1,-950,564.080078125,19,0,0,19,0,0,0
840,True,reg_10,request_scratch,cau100_afr0_asi0_10,regional_10,50,150,912,70,0,1,0.01,0.5545,0.001,0.98,50,49,46,8,23,0,1,2,11,1,0,4,17,1,2,2,21,0,2,33,72,0,1,2,41,1,0,-4020,654.3247680664062,31,2,2448,33,0,0,0
841,True,reg_10,request_scratch,cau100_afr0_asi0_10,regional_10,50,150,912,70,0,1,0.01,0.5545,0.001,0.98,50,55,17,5,4,1,2,0,5,0,0,4,16,0,3,5,21,0,6,25,50,1,2,1,28,0,0,-2261,511.8414611816406,45,1,0,46,0,0,0
842,True,reg_10,request_scratch,cau100_afr0_asi0_10,regional_10,50,150,912,70,0,1,0.01,0.5545,0.001,0.98,50,81,39,6,18,0,2,5,7,0,1,12,29,0,5,9,26,0,0,26,68,0,2,5,34,0,1,-4677,476.6504211425781,46,2,2355,48,0,0,0
843,True,reg_10,request_scratch,cau100_afr0_asi0_10,regional_10,50,150,912,70,0,1,0.01,0.5545,0.001,0.98,50,82,35,4,18,0,0,1,12,0,0,10,39,0,0,4,28,0,1,16,63,0,0,3,35,0,0,-3211,450.2555236816406,64,1,0,65,0,0,0
844,True,reg_10,request_scratch,cau100_afr0_asi0_10,regional_10,50,150,912,70,0,1,0.01,0.5545,0.001,0.98,50,40,17,1,7,0,2,2,5,0,0,4,15,0,4,1,15,0,1,12,66,0,2,2,34,0,0,-2292,505.9958190917969,29,1,831,30,0,0,0
845,True,reg_10,request_scratch,cau100_afr0_asi0_10,regional_10,50,150,912,70,0,1,0.01,0.5545,0.001,0.98,50,27,49,8,21,1,3,1,12,1,2,3,5,0,0,4,15,0,0,20,68,1,3,1,41,1,2,-858,543.2557373046875,13,3,175,16,0,0,0
846,True,reg_10,request_scratch,cau100_afr0_asi0_10,regional_10,50,150,912,70,0,1,0.01,0.5545,0.001,0.98,50,15,0,0,0,0,0,0,0,0,0,0,5,0,2,0,7,0,1,18,64,0,0,0,36,0,1,-901,427.04412841796875,10,0,401,10,0,0,0
847,True,reg_10,request_scratch,cau100_afr0_asi0_10,regional_10,50,150,912,70,0,1,0.01,0.5545,0.001,0.98,50,31,62,12,18,2,4,3,20,0,3,4,12,1,0,4,10,0,0,25,64,2,4,3,49,0,3,-1610,497.7568664550781,14,0,910,14,0,0,0
848,True,reg_10,request_scratch,cau100_afr0_asi0_10,regional_10,50,150,912,70,0,1,0.01,0.5545,0.001,0.98,50,84,0,0,0,0,0,0,0,0,0,5,26,0,12,12,22,0,7,21,46,0,0,2,37,0,2,-3475,484.9432678222656,60,2,453,62,0,0,0
849,True,reg_10,request_scratch,cau100_afr0_asi0_10,regional_10,50,150,912,70,0,1,0.01,0.5545,0.001,0.98,50,83,68,11,24,3,5,6,18,0,1,5,40,5,9,8,14,0,2,25,60,3,5,6,50,0,1,-4653,345.34295654296875,50,3,2120,53,0,0,0
850,True,reg_10,request_scratch,cau100_afr0_asi0_10,regional_10,50,150,912,70,0,1,0.01,0.5545,0.001,0.98,50,88,0,0,0,0,0,0,0,0,0,8,23,4,7,3,43,0,0,19,42,0,0,1,38,0,0,-3400,505.0782775878906,68,0,0,68,0,0,0
851,True,reg_10,request_scratch,cau100_afr0_asi0_10,regional_10,50,150,912,70,0,1,0.01,0.5545,0.001,0.98,50,53,70,12,23,1,3,6,25,0,0,9,13,0,5,6,19,0,1,25,56,1,3,6,59,0,0,-3350,435.31097412109375,42,1,1239,43,0,0,0
852,True,reg_10,request_scratch,cau100_afr0_asi0_10,regional_10,50,150,912,70,0,1,0.01,0.5545,0.001,0.98,50,29,0,0,0,0,0,0,0,0,0,2,10,1,2,0,13,0,1,23,47,0,0,4,43,0,0,-1150,422.51226806640625,23,0,0,23,0,0,0
853,True,reg_10,request_scratch,cau100_afr0_asi0_10,regional_10,50,150,912,70,0,1,0.01,0.5545,0.001,0.98,50,17,39,5,13,0,3,3,14,0,1,3,2,0,2,2,6,0,2,27,58,0,3,4,57,0,1,-1399,508.61614990234375,11,0,849,11,0,0,0
854,True,reg_10,request_scratch,cau100_afr0_asi0_10,regional_10,50,150,912,70,0,1,0.01,0.5545,0.001,0.98,50,55,20,4,5,1,1,3,6,0,0,1,22,1,8,7,14,0,2,21,41,1,1,5,45,0,1,-1911,546.9882202148438,38,1,0,39,0,0,0
855,True,reg_10,request_scratch,cau100_afr0_asi0_10,regional_10,50,150,912,70,0,1,0.01,0.5545,0.001,0.98,50,85,35,8,12,1,2,6,6,0,0,5,31,5,8,4,27,3,2,27,48,1,2,8,47,0,0,-6724,504.3815612792969,62,1,3613,63,0,0,0
856,True,reg_10,request_scratch,cau100_afr0_asi0_10,regional_10,50,150,912,70,0,1,0.01,0.5545,0.001,0.98,50,41,47,8,16,2,2,4,14,0,1,2,16,1,5,0,13,2,2,25,46,2,2,6,40,0,1,-1511,390.52203369140625,30,1,0,31,0,0,0
857,True,reg_10,request_scratch,cau100_afr0_asi0_10,regional_10,50,150,912,70,0,1,0.01,0.5545,0.001,0.98,50,66,0,0,0,0,0,0,0,0,0,4,25,0,5,5,24,0,3,24,44,2,0,5,36,0,0,-3489,299.87109375,47,1,1128,48,0,0,0
858,True,reg_10,request_scratch,cau100_afr0_asi0_10,regional_10,50,150,912,70,0,1,0.01,0.5545,0.001,0.98,50,38,70,10,26,2,3,7,20,1,1,2,21,0,1,3,11,0,0,27,59,3,3,10,46,1,1,-1243,397.49468994140625,18,2,321,20,0,0,0
859,True,reg_10,request_scratch,cau100_afr0_asi0_10,regional_10,50,150,912,70,0,1,0.01,0.5545,0.001,0.98,50,27,0,0,0,0,0,0,0,0,0,3,12,0,0,2,10,0,0,24,54,0,0,7,40,0,0,-1621,728.1591796875,20,1,610,21,0,0,0
860,True,reg_10,request_scratch,cau100_afr0_asi0_10,regional_10,50,150,912,70,0,1,0.01,0.5545,0.001,0.98,50,38,50,13,12,1,3,3,18,0,0,4,12,2,5,1,12,0,2,31,54,1,3,9,52,0,0,-2510,427.5038146972656,25,0,1260,25,0,0,0
861,True,reg_10,request_scratch,cau100_afr0_asi0_10,regional_10,50,150,912,70,0,1,0.01,0.5545,0.001,0.98,50,41,0,0,0,0,0,0,0,0,0,4,11,3,6,2,14,0,1,23,38,0,0,9,38,0,0,-1561,460.2008972167969,31,1,0,32,0,0,0
862,True,reg_10,request_scratch,cau100_afr0_asi0_10,regional_10,50,150,912,70,0,1,0.01,0.5545,0.001,0.98,50,47,52,6,25,2,4,5,9,0,1,1,15,0,2,3,20,0,6,27,60,2,4,11,45,0,1,-3579,595.2958984375,28,0,2179,28,0,0,0
863,True,reg_10,request_scratch,cau100_afr0_asi0_10,regional_10,50,150,912,70,0,1,0.01,0.5545,0.001,0.98,50,51,14,0,7,0,0,1,6,0,0,2,19,0,7,3,19,0,1,19,44,0,0,9,33,0,0,-1750,299.22088623046875,35,0,0,35,0,0,0
864,True,reg_10,request_scratch,cau100_afr0_asi0_10,regional_10,50,150,912,70,0,1,0.01,0.5545,0.001,0.98,50,94,47,7,15,2,3,1,17,0,2,12,31,3,8,2,37,0,1,23,54,2,3,7,45,0,2,-4834,523.8734130859375,59,4,1840,63,0,0,0
865,True,reg_10,request_scratch,cau100_afr0_asi0_10,regional_10,50,150,912,70,0,1,0.01,0.5545,0.001,0.98,50,47,21,2,7,0,1,1,9,0,1,4,12,3,9,3,14,0,2,15,50,0,1,2,41,0,1,-1711,511.7878723144531,34,1,0,35,0,0,0
866,True,reg_10,request_scratch,cau100_afr0_asi0_10,regional_10,50,150,912,70,0,1,0.01,0.5545,0.001,0.98,50,21,35,3,18,0,2,3,8,1,0,5,12,0,0,0,4,0,0,13,64,0,2,3,49,1,0,-1284,515.5765991210938,15,0,534,15,0,0,0
867,True,reg_10,request_scratch,cau100_afr0_asi0_10,regional_10,50,150,912,70,0,1,0.01,0.5545,0.001,0.98,50,19,16,2,8,0,0,0,5,1,0,2,7,0,3,1,4,0,2,14,55,0,0,2,45,2,0,-944,491.4679870605469,14,0,244,14,0,0,0
868,True,reg_10,request_scratch,cau100_afr0_asi0_10,regional_10,50,150,912,70,0,1,0.01,0.5545,0.001,0.98,50,53,33,5,13,1,3,1,9,1,0,2,16,2,8,4,18,2,1,18,61,1,3,1,48,2,0,-3445,557.130615234375,35,5,1640,40,0,0,0
869,True,reg_10,request_scratch,cau100_afr0_asi0_10,regional_10,50,150,912,70,0,1,0.01,0.5545,0.001,0.98,50,91,32,3,16,0,1,2,10,0,0,3,36,0,6,8,35,0,3,15,62,0,1,3,41,0,0,-4965,610.7019653320312,74,0,1265,74,0,0,0
870,True,reg_10,request_scratch,cau100_afr0_asi0_10,regional_10,50,150,912,70,0,1,0.01,0.5545,0.001,0.98,50,96,22,6,8,0,2,0,6,0,0,5,41,2,11,2,31,0,4,18,63,0,2,0,38,0,0,-5531,540.8338623046875,73,0,1881,73,0,0,0
871,True,reg_10,request_scratch,cau100_afr0_asi0_10,regional_10,50,150,912,70,0,1,0.01,0.5545,0.001,0.98,50,54,43,6,14,1,3,3,15,0,1,0,21,0,5,3,19,0,6,21,59,1,3,3,42,0,1,-2113,408.8551940917969,35,1,352,36,0,0,0
872,True,reg_10,request_scratch,cau100_afr0_asi0_10,regional_10,50,150,912,70,0,1,0.01,0.5545,0.001,0.98,50,84,4,2,0,0,1,0,1,0,0,5,26,0,16,6,26,2,3,17,51,0,1,3,40,0,0,-3922,513.2798461914062,55,1,1161,56,0,0,0
873,True,reg_10,request_scratch,cau100_afr0_asi0_10,regional_10,50,150,912,70,0,1,0.01,0.5545,0.001,0.98,50,37,71,9,36,2,4,2,17,0,1,3,23,0,0,0,9,0,2,19,74,2,4,2,45,0,1,-1634,408.7334289550781,19,0,684,19,0,0,0
874,True,reg_10,request_scratch,cau100_afr0_asi0_10,regional_10,50,150,912,70,0,1,0.01,0.5545,0.001,0.98,50,31,0,0,0,0,0,0,0,0,0,0,8,0,1,6,13,0,3,18,58,0,0,0,39,0,0,-1618,513.5053100585938,24,0,418,24,0,0,0
875,True,reg_10,request_scratch,cau100_afr0_asi0_10,regional_10,50,150,912,70,0,1,0.01,0.5545,0.001,0.98,50,51,53,7,17,1,4,1,22,0,1,1,18,0,6,4,21,0,1,21,67,1,4,1,55,0,1,-3113,439.0998229980469,35,3,1330,38,0,0,0
876,True,reg_10,request_scratch,cau100_afr0_asi0_10,regional_10,50,150,912,70,0,1,0.01,0.5545,0.001,0.98,50,100,0,0,0,0,0,0,0,0,0,12,31,4,2,14,34,0,3,18,53,1,0,0,40,0,0,-3594,446.7493591308594,71,1,33,72,0,0,0
877,True,reg_10,request_scratch,cau100_afr0_asi0_10,regional_10,50,150,912,70,0,1,0.01,0.5545,0.001,0.98,50,73,67,12,27,2,4,5,15,1,1,12,31,1,2,3,18,0,6,19,73,2,4,5,45,1,1,-4601,503.6244812011719,46,1,2290,47,0,0,0
878,True,reg_10,request_scratch,cau100_afr0_asi0_10,regional_10,50,150,912,70,0,1,0.01,0.5545,0.001,0.98,50,73,0,0,0,0,0,0,0,0,0,10,28,2,2,3,25,0,3,15,44,0,0,0,37,0,0,-2750,503.1363830566406,55,0,0,55,0,0,0
879,True,reg_10,request_scratch,cau100_afr0_asi0_10,regional_10,50,150,912,70,0,1,0.01,0.5545,0.001,0.98,50,37,72,12,20,1,5,6,27,0,1,8,3,2,2,2,16,0,4,22,59,1,5,6,56,0,1,-1936,709.322021484375,22,0,836,22,0,0,0
880,True,reg_10,request_scratch,cau100_afr0_asi0_10,regional_10,50,150,912,70,0,1,0.01,0.5545,0.001,0.98,50,25,0,0,0,0,0,0,0,0,0,0,11,0,2,0,11,0,1,21,47,0,0,4,42,0,1,-850,413.12725830078125,17,0,0,17,0,0,0
881,True,reg_10,request_scratch,cau100_afr0_asi0_10,regional_10,50,150,912,70,0,1,0.01,0.5545,0.001,0.98,50,23,43,7,18,1,3,3,10,1,0,3,12,0,0,0,8,0,0,24,65,1,3,5,51,1,0,-1786,430.10760498046875,15,0,1036,15,0,0,0
882,True,reg_10,request_scratch,cau100_afr0_asi0_10,regional_10,50,150,912,70,0,1,0.01,0.5545,0.001,0.98,50,83,15,0,7,1,2,2,3,0,0,4,36,0,5,3,35,0,0,19,45,1,2,5,40,0,0,-3000,527.5921020507812,60,0,0,60,0,0,0
883,True,reg_10,request_scratch,cau100_afr0_asi0_10,regional_10,50,150,912,70,0,1,0.01,0.5545,0.001,0.98,50,62,51,12,13,2,3,3,16,0,2,5,22,0,8,9,17,1,0,26,52,2,3,3,52,0,2,-4414,445.6744689941406,42,1,2303,43,0,0,0
884,True,reg_10,request_scratch,cau100_afr0_asi0_10,regional_10,50,150,912,70,0,1,0.01,0.5545,0.001,0.98,50,107,21,5,6,1,1,1,6,0,1,6,46,4,8,9,32,2,0,24,44,2,1,1,35,0,1,-4272,543.695068359375,85,2,0,87,0,0,0
885,True,reg_10,request_scratch,cau100_afr0_asi0_10,regional_10,50,150,912,70,0,1,0.01,0.5545,0.001,0.98,50,64,47,7,21,1,0,5,13,0,0,7,37,0,4,2,9,3,2,25,64,1,0,5,38,0,0,-2928,393.5860595703125,40,1,917,41,0,0,0
886,True,reg_10,request_scratch,cau100_afr0_asi0_10,regional_10,50,150,912,70,0,1,0.01,0.5545,0.001,0.98,50,53,11,2,4,1,1,0,3,0,0,8,20,2,1,2,15,0,5,18,51,1,1,1,36,0,0,-2132,473.2004699707031,38,0,232,38,0,0,0
887,True,reg_10,request_scratch,cau100_afr0_asi0_10,regional_10,50,150,912,70,0,1,0.01,0.5545,0.001,0.98,50,13,49,9,18,1,3,3,14,0,1,1,0,0,0,1,9,0,2,23,62,1,3,3,48,0,1,-655,524.5575561523438,6,3,322,9,0,0,0
888,True,reg_10,request_scratch,cau100_afr0_asi0_10,regional_10,50,150,912,70,0,1,0.01,0.5545,0.001,0.98,50,28,0,0,0,0,0,0,0,0,0,1,8,1,3,0,12,3,0,22,49,0,0,2,36,0,1,-1158,478.2306213378906,17,0,308,17,0,0,0
889,True,reg_10,request_scratch,cau100_afr0_asi0_10,regional_10,50,150,912,70,0,1,0.01,0.5545,0.001,0.98,50,38,60,6,29,1,4,1,18,0,1,3,6,0,6,5,12,0,6,23,72,1,4,1,48,0,1,-2741,536.600341796875,26,2,1419,28,0,0,0
890,True,reg_10,request_scratch,cau100_afr0_asi0_10,regional_10,50,150,912,70,0,1,0.01,0.5545,0.001,0.98,50,45,0,0,0,0,0,0,0,0,0,4,23,4,0,1,13,0,0,17,51,0,0,0,35,0,0,-1964,511.69256591796875,35,1,203,36,0,0,0
891,True,reg_10,request_scratch,cau100_afr0_asi0_10,regional_10,50,150,912,70,0,1,0.01,0.5545,0.001,0.98,50,113,58,7,21,1,4,4,19,0,2,4,31,6,8,11,46,1,6,21,67,1,4,4,51,0,2,-6754,413.87548828125,79,1,2793,80,0,0,0
892,True,reg_10,request_scratch,cau100_afr0_asi0_10,regional_10,50,150,912,70,0,1,0.01,0.5545,0.001,0.98,50,67,1,0,1,0,0,0,0,0,0,2,30,0,10,10,13,0,2,13,51,0,0,1,37,0,0,-2850,634.4583740234375,57,0,0,57,0,0,0
893,True,reg_10,request_scratch,cau100_afr0_asi0_10,regional_10,50,150,912,70,0,1,0.01,0.5545,0.001,0.98,50,63,57,6,26,0,0,2,22,0,1,3,24,2,5,3,26,0,0,17,73,0,0,2,56,0,1,-4600,533.3804321289062,46,0,2300,46,0,0,0
894,True,reg_10,request_scratch,cau100_afr0_asi0_10,regional_10,50,150,912,70,0,1,0.01,0.5545,0.001,0.98,50,29,0,0,0,0,0,0,0,0,0,2,10,3,3,3,8,0,0,13,48,0,0,0,41,0,0,-1050,495.1902160644531,21,0,0,21,0,0,0
895,True,reg_10,request_scratch,cau100_afr0_asi0_10,regional_10,50,150,912,70,0,1,0.01,0.5545,0.001,0.98,50,33,56,9,24,2,2,6,13,0,0,1,10,3,6,2,9,0,2,20,70,2,2,6,50,0,0,-1974,488.2370300292969,16,1,1163,17,0,0,0
896,True,reg_10,request_scratch,cau100_afr0_asi0_10,regional_10,50,150,912,70,0,1,0.01,0.5545,0.001,0.98,50,60,1,0,1,0,0,0,0,0,0,3,22,0,6,6,23,0,0,15,52,0,0,1,35,0,0,-2184,441.65374755859375,43,2,12,45,0,0,0
897,True,reg_10,request_scratch,cau100_afr0_asi0_10,regional_10,50,150,912,70,0,1,0.01,0.5545,0.001,0.98,50,59,63,6,25,1,2,6,21,1,1,3,30,0,1,5,18,0,2,15,73,1,2,6,50,1,1,-4348,443.5856018066406,43,1,2187,44,0,0,0
898,True,reg_10,request_scratch,cau100_afr0_asi0_10,regional_10,50,150,912,70,0,1,0.01,0.5545,0.001,0.98,50,66,0,0,0,0,0,0,0,0,0,3,21,0,8,8,21,0,5,10,50,0,0,4,34,0,0,-2483,392.7754211425781,49,3,0,52,0,0,0
899,True,reg_10,request_scratch,cau100_afr0_asi0_10,regional_10,50,150,912,70,0,1,0.01,0.5545,0.001,0.98,50,60,69,12,31,1,3,6,15,0,1,2,16,3,4,7,25,0,3,18,76,1,3,6,45,0,1,-3337,529.5821533203125,39,2,1365,41,0,0,0
900,True,reg_10,request_scratch,cau100_afr0_asi0_10,regional_10,50,150,912,70,0,1,0.01,0.5545,0.001,0.98,50,52,0,0,0,0,0,0,0,0,0,11,13,0,6,4,18,0,0,15,57,0,0,4,36,0,0,-2055,506.8909912109375,41,0,5,41,0,0,0
901,True,reg_10,request_scratch,cau100_afr0_asi0_10,regional_10,50,150,912,70,0,1,0.01,0.5545,0.001,0.98,50,36,49,4,17,0,3,8,15,2,0,0,12,0,0,3,19,0,2,18,71,0,3,9,47,2,0,-2480,414.94830322265625,22,1,1369,23,0,0,0
902,True,reg_10,request_scratch,cau100_afr0_asi0_10,regional_10,50,150,912,70,0,1,0.01,0.5545,0.001,0.98,50,24,6,0,0,0,0,0,6,0,0,2,10,0,3,2,7,0,0,16,48,0,0,7,36,0,0,-1150,405.3316650390625,23,0,0,23,0,0,0
903,True,reg_10,request_scratch,cau100_afr0_asi0_10,regional_10,50,150,912,70,0,1,0.01,0.5545,0.001,0.98,50,36,38,8,11,1,5,4,9,0,0,4,10,0,2,4,14,0,2,24,59,1,5,11,44,0,0,-2873,479.6031494140625,20,0,1873,20,0,0,0
904,True,reg_10,request_scratch,cau100_afr0_asi0_10,regional_10,50,150,912,70,0,1,0.01,0.5545,0.001,0.98,50,65,39,10,16,0,3,2,7,0,1,12,22,0,5,8,15,0,3,22,44,0,3,11,37,0,1,-1961,437.99554443359375,39,1,0,40,0,0,0
905,True,reg_10,request_scratch,cau100_afr0_asi0_10,regional_10,50,150,912,70,0,1,0.01,0.5545,0.001,0.98,50,39,23,4,11,0,3,1,3,1,0,2,15,0,1,2,19,0,0,22,47,0,3,5,37,1,0,-2031,557.4991455078125,26,0,731,26,0,0,0
906,True,reg_10,request_scratch,cau100_afr0_asi0_10,regional_10,50,150,912,70,0,1,0.01,0.5545,0.001,0.98,50,43,46,13,16,0,2,2,13,0,0,2,14,0,4,3,15,0,5,31,54,0,2,6,38,0,0,-1604,584.7786865234375,28,1,193,29,0,0,0
907,True,reg_10,request_scratch,cau100_afr0_asi0_10,regional_10,50,150,912,70,0,1,0.01,0.5545,0.001,0.98,50,32,0,0,0,0,0,0,0,0,0,1,11,0,4,0,9,2,5,28,52,0,0,1,32,0,0,-1596,621.6381225585938,22,0,496,22,0,0,0
908,True,reg_10,request_scratch,cau100_afr0_asi0_10,regional_10,50,150,912,70,0,1,0.01,0.5545,0.001,0.98,50,26,61,10,24,1,2,5,19,0,0,1,12,0,2,6,5,0,0,33,67,1,2,5,42,0,0,-1385,423.55194091796875,14,2,663,16,0,0,0
909,True,reg_10,request_scratch,cau100_afr0_asi0_10,regional_10,50,150,912,70,0,1,0.01,0.5545,0.001,0.98,50,43,0,0,0,0,0,0,0,0,0,2,18,2,1,5,14,0,1,27,51,0,0,2,35,0,0,-2126,559.2111206054688,31,1,565,32,0,0,0
910,True,reg_10,request_scratch,cau100_afr0_asi0_10,regional_10,50,150,912,70,0,1,0.01,0.5545,0.001,0.98,50,42,55,4,22,1,1,6,21,0,0,3,11,0,0,7,15,0,6,27,62,1,1,6,53,0,0,-3025,515.4501953125,29,0,1575,29,0,0,0
911,True,reg_10,request_scratch,cau100_afr0_asi0_10,regional_10,50,150,912,70,0,1,0.01,0.5545,0.001,0.98,50,92,1,0,0,0,0,0,0,1,0,10,23,4,0,9,43,0,3,14,46,0,0,1,40,1,0,-3772,484.48870849609375,75,2,0,77,0,0,0
912,True,reg_10,request_scratch,cau100_afr0_asi0_10,regional_10,50,150,912,70,0,1,0.01,0.5545,0.001,0.98,50,64,65,13,18,1,4,4,25,0,0,6,26,3,1,7,14,0,7,22,59,1,4,4,60,0,0,-4004,449.45758056640625,40,2,1982,42,0,0,0
913,True,reg_10,request_scratch,cau100_afr0_asi0_10,regional_10,50,150,912,70,0,1,0.01,0.5545,0.001,0.98,50,58,0,0,0,0,0,0,0,0,0,6,21,0,2,9,15,3,2,17,40,0,0,0,46,0,0,-2311,440.1912841796875,46,1,0,47,0,0,0
914,True,reg_10,request_scratch,cau100_afr0_asi0_10,regional_10,50,150,912,70,0,1,0.01,0.5545,0.001,0.98,50,52,59,7,25,2,4,7,12,1,1,2,17,2,5,0,25,0,1,18,62,2,4,7,55,1,1,-2904,478.1081237792969,27,1,1543,28,0,0,0
915,True,reg_10,request_scratch,cau100_afr0_asi0_10,regional_10,50,150,912,70,0,1,0.01,0.5545,0.001,0.98,50,34,1,0,0,0,0,0,1,0,0,1,12,0,2,0,18,0,1,13,43,0,0,6,38,0,0,-1350,426.0540466308594,27,0,0,27,0,0,0
916,True,reg_10,request_scratch,cau100_afr0_asi0_10,regional_10,50,150,912,70,0,1,0.01,0.5545,0.001,0.98,50,27,56,11,18,0,4,5,15,1,2,0,9,0,2,1,15,0,0,22,59,0,4,8,53,1,2,-2136,400.73333740234375,19,0,1186,19,0,0,0
917,True,reg_10,request_scratch,cau100_afr0_asi0_10,regional_10,50,150,912,70,0,1,0.01,0.5545,0.001,0.98,50,34,2,1,1,0,0,0,0,0,0,5,12,0,2,7,8,0,0,19,44,0,0,8,28,1,0,-1311,526.032470703125,26,1,0,27,0,0,0
918,True,reg_10,request_scratch,cau100_afr0_asi0_10,regional_10,50,150,912,70,0,1,0.01,0.5545,0.001,0.98,50,37,56,7,27,0,2,5,14,0,1,3,11,0,2,4,17,0,0,24,68,0,2,11,41,1,1,-2103,440.80755615234375,17,2,1231,19,0,0,0
919,True,reg_10,request_scratch,cau100_afr0_asi0_10,regional_10,50,150,912,70,0,1,0.01,0.5545,0.001,0.98,50,65,0,0,0,0,0,0,0,0,0,3,24,1,7,4,24,0,2,19,46,0,0,6,30,0,0,-2586,467.31640625,51,2,14,53,0,0,0
920,True,reg_10,request_scratch,cau100_afr0_asi0_10,regional_10,50,150,912,70,0,1,0.01,0.5545,0.001,0.98,50,80,63,7,19,4,3,5,25,0,0,6,24,0,11,3,33,0,3,23,59,4,3,9,52,0,0,-4201,522.0665283203125,46,1,1890,47,0,0,0
921,True,reg_10,request_scratch,cau100_afr0_asi0_10,regional_10,50,150,912,70,0,1,0.01,0.5545,0.001,0.98,50,64,0,0,0,0,0,0,0,0,0,6,27,0,2,2,27,0,0,15,47,0,0,1,39,0,0,-2368,501.1321105957031,46,0,68,46,0,0,0
922,True,reg_10,request_scratch,cau100_afr0_asi0_10,regional_10,50,150,912,70,0,1,0.01,0.5545,0.001,0.98,50,31,67,13,22,2,3,4,22,1,0,2,12,0,3,3,11,0,0,27,62,2,3,4,51,1,0,-1690,539.563720703125,17,1,829,18,0,0,0
923,True,reg_10,request_scratch,cau100_afr0_asi0_10,regional_10,50,150,912,70,0,1,0.01,0.5545,0.001,0.98,50,47,0,0,0,0,0,0,0,0,0,1,17,4,2,4,17,0,2,19,41,2,0,4,47,1,0,-1483,481.921875,29,3,0,32,0,0,0
924,True,reg_10,request_scratch,cau100_afr0_asi0_10,regional_10,50,150,912,70,0,1,0.01,0.5545,0.001,0.98,50,47,54,7,20,1,0,5,21,0,0,1,19,0,4,9,12,2,0,20,59,1,0,5,65,0,0,-3193,574.4398803710938,32,1,1582,33,0,0,0
925,True,reg_10,request_scratch,cau100_afr0_asi0_10,regional_10,50,150,912,70,0,1,0.01,0.5545,0.001,0.98,50,69,0,0,0,0,0,0,0,0,0,4,16,4,8,4,31,0,2,17,42,0,0,2,43,0,0,-2572,462.5486755371094,51,2,0,53,0,0,0
926,True,reg_10,request_scratch,cau100_afr0_asi0_10,regional_10,50,150,912,70,0,1,0.01,0.5545,0.001,0.98,50,67,64,12,28,0,2,2,19,0,1,4,33,0,3,3,24,0,0,23,65,0,2,2,57,0,1,-5071,427.1183776855469,55,0,2321,55,0,0,0
927,True,reg_10,request_scratch,cau100_afr0_asi0_10,regional_10,50,150,912,70,0,1,0.01,0.5545,0.001,0.98,50,96,0,0,0,0,0,0,0,0,0,7,36,2,4,3,39,2,3,19,48,0,0,0,40,0,0,-3950,440.2875671386719,79,0,0,79,0,0,0
928,True,reg_10,request_scratch,cau100_afr0_asi0_10,regional_10,50,150,912,70,0,1,0.01,0.5545,0.001,0.98,50,45,60,7,21,2,4,5,20,1,0,3,15,0,3,0,20,1,3,21,62,2,4,5,55,1,0,-2666,438.536865234375,28,2,1244,30,0,0,0
929,True,reg_10,request_scratch,cau100_afr0_asi0_10,regional_10,50,150,912,70,0,1,0.01,0.5545,0.001,0.98,50,34,0,0,0,0,0,0,0,0,0,0,14,0,2,3,8,0,7,18,49,0,0,3,39,0,0,-1261,539.7528686523438,25,1,0,26,0,0,0
930,True,reg_10,request_scratch,cau100_afr0_asi0_10,regional_10,50,150,912,70,0,1,0.01,0.5545,0.001,0.98,50,34,50,9,16,0,5,4,15,0,1,2,8,2,0,8,12,0,2,26,61,0,5,5,52,0,1,-2229,464.75408935546875,14,3,1496,17,0,0,0
931,True,reg_10,request_scratch,cau100_afr0_asi0_10,regional_10,50,150,912,70,0,1,0.01,0.5545,0.001,0.98,50,79,14,2,7,0,1,2,2,0,0,9,32,0,6,3,27,0,2,18,44,0,1,6,37,0,0,-2711,319.0394287109375,54,1,0,55,0,0,0
932,True,reg_10,request_scratch,cau100_afr0_asi0_10,regional_10,50,150,912,70,0,1,0.01,0.5545,0.001,0.98,50,102,58,7,25,1,6,3,16,0,0,9,27,2,12,6,45,0,1,22,63,1,6,3,44,0,0,-5545,576.1801147460938,68,2,2123,70,0,0,0
933,True,reg_10,request_scratch,cau100_afr0_asi0_10,regional_10,50,150,912,70,0,1,0.01,0.5545,0.001,0.98,50,77,6,0,2,1,1,0,2,0,0,9,29,0,7,4,26,0,2,15,50,1,1,0,35,0,0,-2500,625.4178466796875,50,0,0,50,0,0,0
934,True,reg_10,request_scratch,cau100_afr0_asi0_10,regional_10,50,150,912,70,0,1,0.01,0.5545,0.001,0.98,50,73,71,14,25,1,1,6,23,0,1,9,29,2,10,2,19,0,2,21,66,1,1,6,50,0,1,-3342,251.5221405029297,51,0,792,51,0,0,0
935,True,reg_10,request_scratch,cau100_afr0_asi0_10,regional_10,50,150,912,70,0,1,0.01,0.5545,0.001,0.98,50,71,0,0,0,0,0,0,0,0,0,7,35,0,2,6,21,0,0,15,59,0,0,1,43,0,0,-3368,349.1279602050781,58,1,457,59,0,0,0
936,True,reg_10,request_scratch,cau100_afr0_asi0_10,regional_10,50,150,912,70,0,1,0.01,0.5545,0.001,0.98,50,29,51,8,18,0,2,0,22,0,1,2,14,0,0,2,11,0,0,16,70,0,2,0,61,0,1,-1907,464.2830505371094,17,0,1057,17,0,0,0
937,True,reg_10,request_scratch,cau100_afr0_asi0_10,regional_10,50,150,912,70,0,1,0.01,0.5545,0.001,0.98,50,31,0,0,0,0,0,0,0,0,0,0,18,0,4,3,4,0,2,11,45,0,0,0,47,0,0,-1284,465.378662109375,24,2,62,26,0,0,0
938,True,reg_10,request_scratch,cau100_afr0_asi0_10,regional_10,50,150,912,70,0,1,0.01,0.5545,0.001,0.98,50,53,54,10,22,1,6,1,14,0,0,7,13,0,10,2,19,0,2,20,65,1,6,1,57,0,0,-3793,452.1241760253906,31,1,2232,32,0,0,0
939,True,reg_10,request_scratch,cau100_afr0_asi0_10,regional_10,50,150,912,70,0,1,0.01,0.5545,0.001,0.98,50,57,14,1,5,0,0,0,8,0,0,3,20,0,5,1,28,0,0,15,45,0,0,0,44,0,0,-2350,493.4450988769531,47,0,0,47,0,0,0
940,True,reg_10,request_scratch,cau100_afr0_asi0_10,regional_10,50,150,912,70,0,1,0.01,0.5545,0.001,0.98,50,59,42,2,18,1,2,5,14,0,0,1,20,0,2,2,26,4,4,12,61,1,2,5,55,0,0,-4207,605.2716064453125,46,0,1907,46,0,0,0
941,True,reg_10,request_scratch,cau100_afr0_asi0_10,regional_10,50,150,912,70,0,1,0.01,0.5545,0.001,0.98,50,61,17,4,4,0,3,2,4,0,0,9,20,1,2,1,28,0,0,14,49,0,3,6,40,0,0,-2000,489.3646240234375,40,0,0,40,0,0,0
942,True,reg_10,request_scratch,cau100_afr0_asi0_10,regional_10,50,150,912,70,0,1,0.01,0.5545,0.001,0.98,50,43,46,8,21,1,2,5,8,1,0,3,18,0,0,2,10,4,6,16,65,1,2,6,46,1,0,-2066,436.72796630859375,20,2,1044,22,0,0,0
943,True,reg_10,request_scratch,cau100_afr0_asi0_10,regional_10,50,150,912,70,0,1,0.01,0.5545,0.001,0.98,50,22,16,2,7,0,1,0,6,0,0,3,3,0,4,2,10,0,0,11,55,0,1,3,40,0,0,-1023,364.20843505859375,15,0,273,15,0,0,0
944,True,reg_10,request_scratch,cau100_afr0_asi0_10,regional_10,50,150,912,70,0,1,0.01,0.5545,0.001,0.98,50,22,42,8,12,2,1,1,18,0,0,1,7,3,2,1,8,0,0,17,62,2,1,3,50,0,0,-1244,549.1283569335938,12,1,633,13,0,0,0
945,True,reg_10,request_scratch,cau100_afr0_asi0_10,regional_10,50,150,912,70,0,1,0.01,0.5545,0.001,0.98,50,61,13,1,6,1,0,1,4,0,0,6,23,0,0,3,27,0,2,18,50,2,0,1,40,0,0,-2589,416.68170166015625,45,0,339,45,0,0,0
946,True,reg_10,request_scratch,cau100_afr0_asi0_10,regional_10,50,150,912,70,0,1,0.01,0.5545,0.001,0.98,50,69,46,8,25,0,0,2,10,0,1,3,17,0,2,7,34,0,6,21,71,0,0,2,44,0,1,-4450,455.4222412109375,55,3,1667,58,0,0,0
947,True,reg_10,request_scratch,cau100_afr0_asi0_10,regional_10,50,150,912,70,0,1,0.01,0.5545,0.001,0.98,50,89,3,0,1,0,0,0,2,0,0,2,31,0,10,10,32,4,0,16,51,0,0,0,40,0,0,-4403,506.39471435546875,73,1,742,74,0,0,0
948,True,reg_10,request_scratch,cau100_afr0_asi0_10,regional_10,50,150,912,70,0,1,0.01,0.5545,0.001,0.98,50,73,60,7,26,0,5,4,17,0,1,7,21,0,9,7,29,0,0,16,70,0,5,4,51,0,1,-3959,485.9432678222656,45,0,1709,45,0,0,0
949,True,reg_10,request_scratch,cau100_afr0_asi0_10,regional_10,50,150,912,70,0,1,0.01,0.5545,0.001,0.98,50,64,0,0,0,0,0,0,0,0,0,9,20,0,4,5,22,2,2,10,58,0,0,0,33,0,0,-2933,649.7969970703125,52,2,311,54,0,0,0
950,True,reg_10,request_scratch,cau100_afr0_asi0_10,regional_10,50,150,912,70,0,1,0.01,0.5545,0.001,0.98,50,48,62,10,25,0,4,3,19,0,1,0,21,2,3,1,13,2,6,17,77,0,4,3,48,0,1,-3080,479.7903747558594,30,0,1580,30,0,0,0
951,True,reg_10,request_scratch,cau100_afr0_asi0_10,regional_10,50,150,912,70,0,1,0.01,0.5545,0.001,0.98,50,19,0,0,0,0,0,0,0,0,0,3,10,0,2,0,3,0,1,13,52,0,0,0,38,0,0,-896,524.3222045898438,17,0,46,17,0,0,0
952,True,reg_10,request_scratch,cau100_afr0_asi0_10,regional_10,50,150,912,70,0,1,0.01,0.5545,0.001,0.98,50,37,51,11,15,1,3,4,17,0,0,5,13,0,0,1,12,0,6,23,66,1,3,4,53,0,0,-2591,473.7932434082031,23,1,1430,24,0,0,0
953,True,reg_10,request_scratch,cau100_afr0_asi0_10,regional_10,50,150,912,70,0,1,0.01,0.5545,0.001,0.98,50,53,2,0,1,0,0,0,1,0,0,3,17,0,3,1,29,0,0,21,41,0,0,4,37,0,0,-2050,383.8678894042969,41,0,0,41,0,0,0
954,True,reg_10,request_scratch,cau100_afr0_asi0_10,regional_10,50,150,912,70,0,1,0.01,0.5545,0.001,0.98,50,54,57,12,23,0,1,7,14,0,0,0,19,0,2,7,25,0,1,32,61,0,1,7,47,0,0,-3983,427.9183044433594,36,0,2183,36,0,0,0
955,True,reg_10,request_scratch,cau100_afr0_asi0_10,regional_10,50,150,912,70,0,1,0.01,0.5545,0.001,0.98,50,61,3,1,1,0,0,0,1,0,0,0,34,0,3,9,15,0,0,24,40,0,0,2,33,0,0,-2422,490.5615539550781,48,2,0,50,0,0,0
956,True,reg_10,request_scratch,cau100_afr0_asi0_10,regional_10,50,150,912,70,0,1,0.01,0.5545,0.001,0.98,50,40,61,5,26,0,3,2,21,1,3,0,12,0,4,6,15,0,3,26,61,0,3,2,51,1,3,-2349,411.8165588378906,24,1,1138,25,0,0,0
957,True,reg_10,request_scratch,cau100_afr0_asi0_10,regional_10,50,150,912,70,0,1,0.01,0.5545,0.001,0.98,50,38,0,0,0,0,0,0,0,0,0,3,13,0,5,7,8,0,2,18,51,0,0,0,37,0,2,-1336,411.2796630859375,26,2,14,28,0,0,0
958,True,reg_10,request_scratch,cau100_afr0_asi0_10,regional_10,50,150,912,70,0,1,0.01,0.5545,0.001,0.98,50,41,54,6,17,0,3,5,23,0,0,4,15,0,10,1,10,1,0,21,66,0,3,5,55,0,0,-3236,480.30859375,33,0,1586,33,0,0,0
959,True,reg_10,request_scratch,cau100_afr0_asi0_10,regional_10,50,150,912,70,0,1,0.01,0.5545,0.001,0.98,50,62,0,0,0,0,0,0,0,0,0,9,27,0,5,2,17,0,2,12,44,0,0,4,45,0,0,-2323,467.0123596191406,46,1,12,47,0,0,0
960,True,reg_10,request_scratch,cau100_afr0_asi0_10,regional_10,50,150,912,70,0,1,0.01,0.5545,0.001,0.98,50,53,61,11,24,0,1,6,17,0,2,1,23,0,4,7,18,0,0,19,63,0,1,6,59,0,2,-3878,531.2314453125,37,3,1995,40,0,0,0
961,True,reg_10,request_scratch,cau100_afr0_asi0_10,regional_10,50,150,912,70,0,1,0.01,0.5545,0.001,0.98,50,68,0,0,0,0,0,0,0,0,0,6,35,0,6,1,18,0,2,16,41,0,0,2,40,0,1,-2800,398.6875,56,0,0,56,0,0,0
962,True,reg_10,request_scratch,cau100_afr0_asi0_10,regional_10,50,150,912,70,0,1,0.01,0.5545,0.001,0.98,50,134,62,12,22,1,7,5,13,1,1,12,58,0,8,7,45,2,2,25,57,1,7,5,53,1,1,-8158,448.6940612792969,95,0,3408,95,0,0,0
963,True,reg_10,request_scratch,cau100_afr0_asi0_10,regional_10,50,150,912,70,0,1,0.01,0.5545,0.001,0.98,50,76,9,2,5,0,0,0,2,0,0,10,19,1,8,7,30,0,1,20,51,0,0,0,32,0,0,-2811,452.4139099121094,56,1,0,57,0,0,0
964,True,reg_10,request_scratch,cau100_afr0_asi0_10,regional_10,50,150,912,70,0,1,0.01,0.5545,0.001,0.98,50,58,58,7,23,0,2,6,18,1,1,2,20,0,2,4,28,2,0,19,69,0,2,6,43,1,1,-3519,401.7296142578125,41,2,1447,43,0,0,0
965,True,reg_10,request_scratch,cau100_afr0_asi0_10,regional_10,50,150,912,70,0,1,0.01,0.5545,0.001,0.98,50,45,0,0,0,0,0,0,0,0,0,1,23,1,1,6,11,0,2,16,50,0,0,2,33,0,0,-1511,547.4555053710938,30,1,0,31,0,0,0
966,True,reg_10,request_scratch,cau100_afr0_asi0_10,regional_10,50,150,912,70,0,1,0.01,0.5545,0.001,0.98,50,85,64,11,24,1,1,3,24,0,0,6,33,4,9,4,27,0,2,23,67,1,1,3,55,0,0,-4740,654.2621459960938,60,0,1740,60,0,0,0
967,True,reg_10,request_scratch,cau100_afr0_asi0_10,regional_10,50,150,912,70,0,1,0.01,0.5545,0.001,0.98,50,112,0,0,0,0,0,0,0,0,0,13,45,1,7,5,31,0,10,16,52,0,0,0,44,0,0,-4619,599.3095703125,86,2,297,88,0,0,0
968,True,reg_10,request_scratch,cau100_afr0_asi0_10,regional_10,50,150,912,70,0,1,0.01,0.5545,0.001,0.98,50,103,64,14,25,3,3,5,14,0,0,10,28,4,8,14,35,2,2,19,70,3,3,5,50,0,0,-6589,478.4539794921875,75,1,2828,76,0,0,0
969,True,reg_10,request_scratch,cau100_afr0_asi0_10,regional_10,50,150,912,70,0,1,0.01,0.5545,0.001,0.98,50,88,0,0,0,0,0,0,0,0,0,7,48,1,2,5,23,0,2,12,49,0,0,1,38,0,0,-3511,588.9802856445312,70,1,0,71,0,0,0
970,True,reg_10,request_scratch,cau100_afr0_asi0_10,regional_10,50,150,912,70,0,1,0.01,0.5545,0.001,0.98,50,56,68,10,29,0,3,2,23,0,1,2,15,1,5,5,26,0,2,12,75,0,3,2,57,0,1,-3862,403.5625,37,1,2001,38,0,0,0
971,True,reg_10,request_scratch,cau100_afr0_asi0_10,regional_10,50,150,912,70,0,1,0.01,0.5545,0.001,0.98,50,25,0,0,0,0,0,0,0,0,0,0,7,0,2,5,11,0,0,9,54,0,0,0,37,0,0,-972,444.1408386230469,19,2,0,21,0,0,0
972,True,reg_10,request_scratch,cau100_afr0_asi0_10,regional_10,50,150,912,70,0,1,0.01,0.5545,0.001,0.98,50,28,56,9,21,1,2,4,18,0,1,3,12,0,2,0,11,0,0,15,74,1,2,4,53,0,1,-1910,499.0071716308594,19,0,960,19,0,0,0
973,True,reg_10,request_scratch,cau100_afr0_asi0_10,regional_10,50,150,912,70,0,1,0.01,0.5545,0.001,0.98,50,46,0,0,0,0,0,0,0,0,0,2,18,0,5,3,16,2,0,14,50,0,0,3,41,0,0,-2000,499.7627258300781,40,0,0,40,0,0,0
974,True,reg_10,request_scratch,cau100_afr0_asi0_10,regional_10,50,150,912,70,0,1,0.01,0.5545,0.001,0.98,50,50,48,6,21,1,2,3,13,1,1,0,23,0,10,3,13,0,1,19,69,1,2,3,54,1,1,-3833,530.0843505859375,29,1,2372,30,0,0,0
975,True,reg_10,request_scratch,cau100_afr0_asi0_10,regional_10,50,150,912,70,0,1,0.01,0.5545,0.001,0.98,50,58,24,4,8,1,1,2,7,1,0,3,19,2,6,1,23,0,4,17,50,1,1,2,38,1,0,-2150,346.29632568359375,43,0,0,43,0,0,0
976,True,reg_10,request_scratch,cau100_afr0_asi0_10,regional_10,50,150,912,70,0,1,0.01,0.5545,0.001,0.98,50,80,36,3,19,1,0,1,10,2,0,10,39,3,6,6,15,0,1,15,65,1,0,1,47,2,0,-4680,398.916748046875,52,3,2047,55,0,0,0
977,True,reg_10,request_scratch,cau100_afr0_asi0_10,regional_10,50,150,912,70,0,1,0.01,0.5545,0.001,0.98,50,47,32,7,7,1,4,3,10,0,0,6,14,0,7,6,12,0,2,15,55,1,4,3,40,0,0,-1700,598.4207153320312,34,0,0,34,0,0,0
978,True,reg_10,request_scratch,cau100_afr0_asi0_10,regional_10,50,150,912,70,0,1,0.01,0.5545,0.001,0.98,50,28,21,3,9,1,1,1,6,0,0,0,8,0,4,2,14,0,0,15,63,1,1,1,45,0,0,-1884,671.1381225585938,21,1,823,22,0,0,0
979,True,reg_10,request_scratch,cau100_afr0_asi0_10,regional_10,50,150,912,70,0,1,0.01,0.5545,0.001,0.98,50,30,40,4,17,1,1,4,12,0,1,2,11,2,3,0,12,0,0,18,60,1,1,5,45,0,1,-1131,603.0450439453125,15,0,381,15,0,0,0
980,True,reg_10,request_scratch,cau100_afr0_asi0_10,regional_10,50,150,912,70,0,1,0.01,0.5545,0.001,0.98,50,64,8,0,3,0,1,1,3,0,0,2,26,1,2,4,22,2,5,15,55,1,1,1,41,0,1,-3768,550.3193969726562,43,2,1596,45,0,0,0
981,True,reg_10,request_scratch,cau100_afr0_asi0_10,regional_10,50,150,912,70,0,1,0.01,0.5545,0.001,0.98,50,52,68,15,25,0,3,5,20,0,0,4,21,0,5,3,15,0,4,24,61,0,3,5,51,0,0,-2067,520.1375122070312,30,0,567,30,0,0,0
